314 252 gi|1 3392 3634 
316 305 gi|1 9175 9295 
318 251 gi|1 15561 15732 
320 250 gi|1 19365 20038 
322 1661 gi|1 20451 21873 
324 266 gi|1 20905 21473 
326 321 gi|1 20909 21730 
328 1298 gi|1 20977 21846 
330 267 gi|1 20977 21505 
332 660 gi|1 20984 21663 
334 355 gi|1 21010 21426 
336 261 gi|1 21316 21440 
338 280 gi|1 33924 34824 
340 1671 gi|1 34186 34898 
342 319 gi|1 34259 34505 
344 314 gi|1 34272 34505 
346 287 gi|1 34313 34508 
348 328 gi|1 34322 34884 
350 327 gi|1 34387 34506 
352 306 gi|1 34402 34811 
354 339 gi|1 34404 34811 
356 345 gi|1 34674 34857 
358 381 gi|1 38231 38866 
360 547 gi|1 38347 38764 
362 262 gi|1 39863 39963 
492 1401 gi|10 2 1550 
494 1500 gi|10 3 1330 
496 1647 gi|10 19 1367 
498 1226 gi|10 24 1348 
500 1171 gi|10 25 1330 
502 1498 gi|10 53 1330 
504 1351 gi|10 70 1467 
506 380 gi|10 81 523 
508 739 gi|10 83 1357 
510 1863 gi|10 118 2227 
514 1447 gi|10 118 1949 
512 284 gi|10 118 175 
516 1265 gi|10 123 1454 
518 294 gi|10 128 190 
520 257 gi|10 129 175 
522 409 gi|10 419 1463 
524 315 gi|10 420 1414 
526 936 gi|10 454 1363 
528 354 gi|10 460 1348 
530 655 gi|10 533 1469 
532 339 gi|10 534 1240 
534 267 gi|10 540 821 
536 267 gi|10 540 821 
538 257 gi|10 642 1288 
540 343 gi|10 1114 1355 
542 379 gi|10 1115 1436 
544 289 gi|10 1115 1347 
546 2684 gi|10 2530 3388 
548 295 gi|10 2607 3316 
550 293 gi|10 7279 8012 
554 260 gi|10 7305 8099 
552 427 gi|10 7305 7525 
556 289 gi|10 7758 8035 
558 262 gi|10 7762 8130 
560 335 gi|10 7823 8027 
562 653 gi|10 8051 9121 
564 537 gi|10 8097 9525 
566 735 gi|10 8117 9112 
568 516 gi|10 8155 9321 
570 251 gi|10 8157 8342 
572 447 gi|10 8742 9113 
574 287 gi|10 9413 9500 
576 421 gi|10 9802 10106 
578 591 gi|10 9804 10624 
425 305 gi|10 9989 10254 
580 272 gi|10 10527 10642 
582 255 gi|10 11533 12423 
584 274 gi|10 12341 12490 
586 320 gi|10 12575 12794 
588 284 gi|10 12575 12775 
590 492 gi|10 16659 18426 
592 300 gi|10 16922 17059 
594 281 gi|10 17047 17171 
596 255 gi|10 17335 17397 
598 252 gi|10 18995 19247 
600 294 gi|10 19472 19630 
602 328 gi|10 19484 19673 
604 265 gi|10 19499 19643 
606 250 gi|10 19642 19714 
608 1515 gi|10 19847 22186 
610 8337 gi|10 19856 24547 
612 321 gi|10 22582 25323 
614 403 gi|10 22709 22990 
616 2738 gi|10 24773 26870 
618 282 gi|10 26075 26902 
620 1134 gi|10 27050 28289 
622 408 gi|10 27165 27583 
67 358 gi|10 27165 27583 
379 334 gi|10 30212 30627 
624 253 gi|10 37137 37364 
430 347 gi|11 1 303 
391 335 gi|11 152 321 
432 252 gi|11 2311 2419 
434 250 gi|11 10933 11053 
436 496 gi|11 14934 15649 
438 397 gi|11 15055 15441 
440 307 gi|11 15111 15597 
442 253 gi|11 15282 15452 
444 258 gi|11 15328 15441 
446 315 gi|11 15335 15424 
448 250 gi|11 15343 15449 
297 280 gi|11 15346 15476 
450 271 gi|11 15353 15430 
452 282 gi|11 16137 16272 
603 328 gi|11 21199 21385 
454 254 gi|11 21205 21412 
583 255 gi|11 21242 22114 
456 251 gi|11 21242 21385 
458 966 gi|11 26239 27439 
460 646 gi|11 28348 28826 
462 336 gi|11 31698 31760 
464 392 gi|11 31700 31809 
466 317 gi|11 31700 31784 
468 342 gi|11 31703 31778 
261 256 gi|11 31711 31766 
470 384 gi|11 31711 31761 
472 270 gi|11 31711 31759 
478 272 gi|11 31712 32002 
476 347 gi|11 31712 31832 
474 324 gi|11 31712 31783 
480 318 gi|11 31713 31759 
482 518 gi|11 31866 32302 
484 903 gi|11 32350 33214 
486 669 gi|11 34217 35304 
488 3840 gi|11 35516 36625 
490 500 gi|11 38184 38757 
632 636 gi|12 3122 3957 
634 1160 gi|12 12649 13788 
636 1826 gi|12 12711 13792 
137 329 gi|12 12827 13382 
638 270 gi|12 12929 13112 
640 365 gi|12 13083 13359 
642 315 gi|12 14008 14739 
644 250 gi|12 17496 17581 
646 266 gi|12 18005 18129 
648 252 gi|12 18275 18372 
650 4001 gi|12 21844 22805 
652 814 gi|12 21901 22799 
654 5860 gi|12 23046 25234 
656 311 gi|12 23247 23348 
658 316 gi|12 23350 23695 
660 254 gi|12 27990 28411 
269 726 gi|12 28428 29177 
662 267 gi|12 35350 35425 
718 1481 gi|13 2937 4002 
720 1053 gi|13 2950 4372 
722 254 gi|13 5840 6009 
724 419 gi|13 5843 6048 
726 519 gi|13 7603 8565 
730 258 gi|13 8498 8544 
728 259 gi|13 8498 8540 
732 292 gi|13 10682 10786 
734 301 gi|13 10713 10783 
197 422 gi|13 10716 10792 
736 326 gi|13 10718 10833 
159 510 gi|13 16929 18075 
738 870 gi|13 27563 28430 
740 253 gi|13 28918 28997 
441 307 gi|13 31591 32050 
742 324 gi|13 31611 32121 
744 334 gi|13 31623 32122 
746 280 gi|13 31632 32145 
748 501 gi|13 31633 32173 
223 544 gi|13 31635 32202 
750 256 gi|13 31691 31824 
335 355 gi|13 31709 32140 
355 339 gi|13 31717 32124 
752 265 gi|13 31733 31871 
754 339 gi|13 35026 35337 
756 567 gi|13 37933 38780 
758 323 gi|13 37945 39136 
760 334 gi|13 38083 38549 
664 378 gi|14 1437 1647 
666 289 gi|14 3659 4035 
668 368 gi|14 3677 3914 
347 287 gi|14 3713 3911 
331 267 gi|14 3723 4245 
670 335 gi|14 11541 11923 
672 723 gi|14 11580 12638 
674 250 gi|14 12038 12146 
676 370 gi|14 17152 17698 
678 267 gi|14 17153 17861 
680 796 gi|14 19549 20463 
682 310 gi|14 19825 19917 
395 452 gi|14 29416 29644 
684 6857 gi|14 33140 34981 
686 2367 gi|14 35409 37347 
688 257 gi|14 36151 36237 
690 293 gi|14 37046 37123 
822 2254 gi|15 1 2938 
824 2552 gi|15 1 2742 
826 2026 gi|15 21 2915 
828 2829 gi|15 22 3014 
830 1169 gi|15 29 2094 
832 580 gi|15 47 711 
834 792 gi|15 98 2094 
836 594 gi|15 900 2036 
838 1231 gi|15 1236 2948 
731 258 gi|15 1249 1298 
840 1175 gi|15 1255 2692 
501 1171 gi|15 1265 2532 
842 1532 gi|15 1385 2826 
844 601 gi|15 2029 2822 
846 326 gi|15 2550 2827 
848 366 gi|15 2563 3000 
850 1610 gi|15 3798 6387 
852 295 gi|15 3799 4230 
854 1951 gi|15 3809 6432 
856 1474 gi|15 3810 6387 
858 920 gi|15 4019 10391 
860 484 gi|15 4126 5048 
862 1525 gi|15 4145 6292 
864 1677 gi|15 4408 6363 
866 344 gi|15 5251 6291 
868 1844 gi|15 5484 12716 
870 401 gi|15 5568 6360 
533 339 gi|15 5684 6354 
872 474 gi|15 5720 6354 
874 250 gi|15 6724 7227 
876 1472 gi|15 6891 9542 
878 595 gi|15 6938 7457 
880 2078 gi|15 6946 10270 
882 3223 gi|15 6963 13833 
884 1858 gi|15 7355 10594 
886 1494 gi|15 7518 11430 
888 440 gi|15 8539 9535 
890 757 gi|15 8610 10278 
525 315 gi|15 8678 9630 
892 2852 gi|15 8721 16869 
894 551 gi|15 8753 9553 
896 370 gi|15 9591 10356 
898 5637 gi|15 9888 13654 
900 8285 gi|15 9897 16779 
521 257 gi|15 9914 9960 
902 2055 gi|15 10109 12777 
904 304 gi|15 11449 11583 
906 407 gi|15 11624 12009 
908 2176 gi|15 11750 16362 
910 252 gi|15 11925 12737 
529 354 gi|15 11951 12777 
912 486 gi|15 12277 12700 
914 2530 gi|15 12957 16362 
916 651 gi|15 13218 14488 
918 1902 gi|15 13258 16757 
920 2077 gi|15 13639 16639 
922 973 gi|15 14793 16742 
924 615 gi|15 15051 16783 
926 425 gi|15 15054 15433 
527 936 gi|15 15117 15984 
928 570 gi|15 15135 16677 
930 584 gi|15 15142 15984 
932 502 gi|15 15149 16753 
934 304 gi|15 16029 16725 
936 338 gi|15 16463 16757 
183 391 gi|15 16514 16737 
938 2096 gi|15 17307 21370 
940 3121 gi|15 17381 22438 
942 2855 gi|15 17438 20634 
944 2192 gi|15 17535 20205 
946 2576 gi|15 17595 20917 
948 2787 gi|15 17627 20205 
950 256 gi|15 17682 17752 
952 3002 gi|15 17692 22428 
954 6429 gi|15 18446 24048 
956 15171 gi|15 18679 35197 
958 2245 gi|15 18906 22972 
960 1082 gi|15 18924 20593 
962 317 gi|15 18928 19256 
727 519 gi|15 19000 19947 
509 739 gi|15 19007 20254 
369 257 gi|15 19328 19376 
964 609 gi|15 19908 20793 
966 364 gi|15 20137 20793 
968 1990 gi|15 20354 23002 
970 372 gi|15 20354 20562 
972 1688 gi|15 20357 22441 
974 263 gi|15 20878 20955 
523 409 gi|15 22091 23069 
976 298 gi|15 22217 22858 
978 317 gi|15 22574 22877 
980 407 gi|15 23346 23697 
982 556 gi|15 23981 27117 
984 2929 gi|15 24010 26593 
986 6132 gi|15 24012 31980 
988 281 gi|15 24964 25070 
990 2627 gi|15 26517 29583 
992 1545 gi|15 26698 28706 
994 665 gi|15 26732 28593 
996 1907 gi|15 26768 28760 
998 3497 gi|15 26887 33948 
1002 3443 gi|15 26894 30747 
1000 1044 gi|15 26894 28709 
503 1498 gi|15 26900 28163 
1004 257 gi|15 27043 27169 
1006 265 gi|15 27204 27671 
1008 265 gi|15 27204 27671 
1010 790 gi|15 27704 28707 
1012 268 gi|15 27990 28472 
421 255 gi|15 28027 28086 
1014 1799 gi|15 28263 31947 
1016 2010 gi|15 28609 31999 
1018 252 gi|15 29085 29265 
1020 4597 gi|15 29707 35084 
1022 1409 gi|15 29852 31698 
1024 4938 gi|15 30093 39942 
1026 6479 gi|15 30113 38441 
539 257 gi|15 30155 30747 
1028 1956 gi|15 31204 34899 
1030 1433 gi|15 31477 34994 
1032 256 gi|15 32875 32980 
1034 3475 gi|15 32915 38013 
1036 4717 gi|15 33294 39933 
1038 2978 gi|15 33314 39932 
1040 1036 gi|15 34405 36013 
1042 3277 gi|15 34678 38300 
1044 1163 gi|15 36179 37780 
1046 3323 gi|15 36354 39999 
517 1265 gi|15 36402 37704 
1048 1535 gi|15 36480 38332 
1050 1805 gi|15 36523 39942 
1052 3473 gi|15 36530 39942 
1054 785 gi|15 37346 38284 
1056 1946 gi|15 37837 39999 
1058 250 gi|15 39494 39982 
1060 288 gi|15 39601 39935 
541 343 gi|15 39688 39923 
1062 309 gi|15 39698 39968 
729 259 gi|15 39704 39746 
1064 281 gi|15 39707 39923 
762 274 gi|16 3069 3172 
764 681 gi|16 3487 4278 
367 365 gi|16 11285 11365 
766 261 gi|16 19599 19794 
768 437 gi|16 20821 20984 
770 71289 gi|16 24456 32342 
772 278 gi|16 25222 25278 
774 418 gi|16 27097 27215 
776 430 gi|16 31206 31720 
778 41876 gi|16 32167 36862 
780 266 gi|16 32354 32517 
782 447 gi|16 32825 33337 
692 346 gi|17 5489 5660 
694 1011 gi|17 5770 6136 
696 850 gi|17 6271 6560 
698 262 gi|17 7419 7534 
937 338 gi|17 10281 10575 
593 300 gi|17 10346 10483 
700 273 gi|17 10347 10580 
1005 257 gi|17 11609 11728 
185 252 gi|17 12334 12513 
702 273 gi|17 18894 19047 
704 264 gi|17 19027 19180 
706 284 gi|17 21283 21583 
708 866 gi|17 21991 23200 
710 1124 gi|17 25148 26350 
455 254 gi|17 27184 27386 
605 265 gi|17 27199 27337 
712 656 gi|17 28746 30177 
714 256 gi|17 32687 32795 
716 297 gi|17 37733 37788 
773 278 gi|17 37733 37788 
784 262 gi|18 1266 1512 
786 256 gi|18 2955 3397 
633 636 gi|18 3909 4744 
788 278 gi|18 4043 4139 
790 289 gi|18 4066 4192 
792 263 gi|18 9827 9947 
794 1105 gi|18 12551 13480 
277 281 gi|18 12780 13081 
796 250 gi|18 12972 13131 
798 702 gi|18 15090 15678 
800 1084 gi|18 15872 16474 
802 296 gi|18 17589 17669 
804 253 gi|18 17591 17731 
806 278 gi|18 17592 17672 
403 1744 gi|18 17787 18211 
808 2901 gi|18 18726 19461 
810 604 gi|18 27066 27935 
143 664 gi|18 27120 27979 
812 278 gi|18 28320 28458 
315 252 gi|18 34323 34578 
814 883 gi|18 35071 36384 
816 263 gi|18 35837 35982 
818 2436 gi|18 36744 37684 
820 563 gi|18 38106 38752 
1196 593 gi|19 7422 8167 
1198 710 gi|19 7434 8176 
211 350 gi|19 7477 7871 
1202 792 gi|19 7485 8263 
1200 850 gi|19 7485 8261 
1204 335 gi|19 7487 8176 
1206 294 gi|19 7493 8181 
1208 1565 gi|19 7507 9759 
415 280 gi|19 7558 7802 
1210 308 gi|19 7597 7804 
1212 270 gi|19 7701 8142 
753 265 gi|19 7723 7864 
1216 544 gi|19 8374 9084 
1214 568 gi|19 8374 9074 
1218 671 gi|19 8377 9857 
1220 864 gi|19 8387 9104 
1222 505 gi|19 8402 9055 
1224 292 gi|19 8454 8949 
1226 15864 gi|19 13172 15105 
433 252 gi|19 13812 13927 
1228 336 gi|19 18688 19583 
1230 426 gi|19 21194 21487 
1232 343 gi|19 21221 21484 
1234 355 gi|19 21313 21485 
1236 418 gi|19 21383 21488 
37 412 gi|19 21389 21489 
1238 425 gi|19 21409 21484 
25 462 gi|19 21425 21486 
1240 456 gi|19 21428 21486 
1244 407 gi|19 21430 21487 
1242 440 gi|19 21430 21486 
1246 442 gi|19 21431 21489 
1250 413 gi|19 21433 21503 
1248 460 gi|19 21433 21486 
1252 440 gi|19 21436 21489 
1254 426 gi|19 21437 21518 
1256 447 gi|19 21437 21489 
1258 719 gi|19 21438 22398 
1260 473 gi|19 21438 21496 
1264 430 gi|19 21438 21496 
1262 421 gi|19 21438 21487 
1266 393 gi|19 21438 21484 
1268 424 gi|19 21439 21507 
1272 470 gi|19 21439 21506 
1270 439 gi|19 21439 21504 
1274 387 gi|19 21623 22384 
387 262 gi|19 22012 22289 
661 254 gi|19 24860 25302 
1276 259 gi|19 31192 31358 
1278 455 gi|19 32038 32313 
1280 319 gi|19 34237 34931 
1282 277 gi|19 37438 37537 
1284 720 gi|19 38422 39831 
1286 364 gi|19 38423 39438 
1288 585 gi|19 38447 39438 
1290 528 gi|19 38450 39788 
1292 1067 gi|19 38459 39634 
1294 453 gi|19 38538 39446 
427 390 gi|19 38952 39430 
1296 260 gi|19 38957 39437 
118 435 gi|2 781 1221 
120 250 gi|2 781 1109 
122 378 gi|2 782 1208 
124 254 gi|2 784 1087 
126 329 gi|2 1262 2006 
128 253 gi|2 1365 1845 
130 280 gi|2 1799 2030 
132 1038 gi|2 10957 12149 
134 260 gi|2 12409 12589 
136 329 gi|2 12498 13029 
138 450 gi|2 13420 13854 
140 255 gi|2 17794 17882 
142 664 gi|2 18269 19100 
144 575 gi|2 18313 19335 
146 1990 gi|2 23774 24911 
148 335 gi|2 24914 25256 
150 428 gi|2 25377 25733 
152 269 gi|2 30797 31194 
154 254 gi|2 30901 31155 
156 287 gi|2 39246 39454 
435 250 gi|20 20764 20884 
1066 4235 gi|20 21067 22479 
1068 1624 gi|20 22551 23337 
1070 1384 gi|20 27160 27849 
267 726 gi|20 30266 30461 
1072 889 gi|20 30280 30486 
705 264 gi|20 33270 33424 
1074 304 gi|20 36618 36724 
1076 268 gi|20 36659 36728 
253 332 gi|20 36672 36722 
1078 305 gi|20 36675 36757 
1080 269 gi|20 36675 36722 
1082 458 gi|20 36742 36899 
1084 254 gi|20 38909 39040 
1086 338 gi|20 39629 39991 
1088 266 gi|21 4802 4929 
389 322 gi|21 6780 6908 
1090 263 gi|21 8756 8991 
5 262 gi|21 10565 10709 
1092 406 gi|21 12243 13008 
1094 369 gi|21 12314 12996 
1096 5026 gi|21 18382 20269 
1098 451 gi|21 18437 19155 
1100 404 gi|21 18451 19100 
313 320 gi|21 18451 18626 
1102 298 gi|21 18468 19375 
1104 3441 gi|21 20324 22009 
1106 373 gi|21 20355 21287 
1108 256 gi|21 20577 20925 
723 254 gi|21 20758 20924 
1110 379 gi|21 21669 22143 
1112 395 gi|21 22060 22143 
1114 385 gi|21 22075 22144 
1116 383 gi|21 22089 22143 
1120 439 gi|21 22092 22173 
1118 413 gi|21 22092 22144 
1253 440 gi|21 22093 22146 
1124 449 gi|21 22094 22191 
1126 443 gi|21 22094 22162 
1122 371 gi|21 22094 22145 
1235 355 gi|21 22097 22251 
1130 462 gi|21 22097 22174 
1138 439 gi|21 22097 22158 
33 385 gi|21 22097 22153 
1144 356 gi|21 22097 22152 
1132 433 gi|21 22097 22150 
1142 384 gi|21 22097 22145 
1134 374 gi|21 22097 22144 
1140 417 gi|21 22097 22143 
55 442 gi|21 22097 22143 
1128 371 gi|21 22097 22141 
1136 346 gi|21 22097 22141 
1146 396 gi|21 22097 22141 
1148 367 gi|21 22098 22144 
1150 2891 gi|21 22203 23998 
1152 2309 gi|21 22209 24011 
1154 420 gi|21 22216 22763 
1156 392 gi|21 24231 24426 
1158 310 gi|21 26027 26214 
1164 397 gi|21 26051 26296 
1162 258 gi|21 26051 26293 
1160 323 gi|21 26051 26209 
763 274 gi|21 35160 35263 
1083 458 gi|22 3359 3519 
189 296 gi|22 4878 4983 
1298 340 gi|22 9829 10520 
1300 521 gi|22 15820 16349 
1302 321 gi|22 15840 15946 
1304 322 gi|22 18375 18569 
411 251 gi|22 20432 20524 
1306 543 gi|22 29979 30150 
1308 638 gi|22 37097 38709 
1310 314 gi|22 37348 38661 
759 323 gi|22 37394 38623 
691 293 gi|22 37523 37609 
1312 881 gi|22 38056 38691 
1314 540 gi|22 38125 38705 
1166 296 gi|23 9 764 
1168 1810 gi|23 809 3657 
357 345 gi|23 2941 3116 
1170 257 gi|23 2949 3170 
1172 5439 gi|23 4576 6000 
1174 990 gi|23 7693 8716 
1176 762 gi|23 7742 8723 
1178 297 gi|23 7894 9006 
1180 277 gi|23 7902 8648 
1182 346 gi|23 7906 8770 
1184 305 gi|23 8346 8765 
1186 274 gi|23 12717 12856 
1188 311 gi|23 16402 17971 
1190 264 gi|23 24819 24918 
1279 455 gi|23 30458 30757 
1192 283 gi|23 30512 30628 
1194 276 gi|23 31608 31691 
1316 9935 gi|24 723 3895 
1318 261 gi|24 9342 9484 
1320 254 gi|24 9465 9589 
201 318 gi|24 10140 10415 
1322 307 gi|24 12557 12667 
1324 354 gi|24 24335 25138 
1326 299 gi|24 24339 24640 
699 262 gi|24 25032 25148 
91 259 gi|24 32158 32248 
79 2275 gi|25 4282 5185 
1328 260 gi|25 5453 5581 
1330 3201 gi|25 6633 7209 
1332 1630 gi|25 14892 16103 
1334 263 gi|25 16776 16852 
1336 434 gi|25 20773 21922 
1338 253 gi|25 35744 35826 
1380 1903 gi|26 5436 7136 
1382 1639 gi|26 10476 11285 
1384 300 gi|26 10628 10760 
1337 434 gi|26 15225 16371 
1386 259 gi|26 17766 17928 
1388 1025 gi|26 19789 20447 
221 477 gi|26 19878 20428 
745 334 gi|26 19882 20386 
1390 282 gi|26 20139 20464 
1392 337 gi|26 20143 20369 
1394 262 gi|26 20181 20433 
1211 308 gi|26 20187 20398 
1396 296 gi|26 20191 20414 
1398 298 gi|26 23024 23201 
685 6857 gi|26 23713 25555 
1400 454 gi|26 30848 31243 
1402 250 gi|26 30921 31032 
1404 453 gi|26 30952 31249 
125 254 gi|26 34460 34784 
1406 270 gi|26 34740 34986 
1408 336 gi|26 36244 36932 
1410 356 gi|26 36372 36471 
1412 258 gi|26 36386 37077 
1414 261 gi|26 38480 38605 
1362 345 gi|27 851 1166 
1364 263 gi|27 1607 1894 
1366 277 gi|27 1625 1936 
1368 281 gi|27 1628 1816 
105 255 gi|27 1628 1751 
1370 286 gi|27 1633 1921 
437 496 gi|27 8107 8788 
1372 279 gi|27 8444 8582 
1374 1340 gi|27 9843 10797 
1376 742 gi|27 12305 12431 
1378 1738 gi|27 12646 13367 
245 391 gi|27 12884 13215 
237 473 gi|27 12976 13206 
639 270 gi|27 25975 26167 
1340 292 gi|28 24 324 
1342 253 gi|28 16534 16647 
359 381 gi|28 16665 17306 
1344 309 gi|28 16860 17035 
1346 270 gi|28 16940 17307 
1348 324 gi|28 23727 25387 
1350 368 gi|28 23735 25396 
283 288 gi|28 23811 24100 
295 312 gi|28 23830 24038 
1352 271 gi|28 23942 24038 
1354 254 gi|28 24544 24980 
631 256 gi|28 28140 28242 
1356 363 gi|28 28240 28917 
1155 420 gi|28 28443 28993 
589 284 gi|28 30387 30590 
1358 317 gi|28 30399 30880 
821 563 gi|28 30401 31049 
1360 275 gi|28 30470 30656 
319 251 gi|29 549 706 
1416 329 gi|29 1898 2007 
585 274 gi|29 4984 5134 
1323 307 gi|29 12567 12672 
1418 780 gi|29 19706 20388 
817 263 gi|29 22247 22386 
1033 256 gi|29 26745 26857 
1187 274 gi|29 31195 31334 
1420 266 gi|29 31663 31708 
191 269 gi|29 33569 33700 
187 355 gi|29 34185 34334 
1422 444 gi|29 34547 35511 
587 320 gi|29 36774 36983 
561 335 gi|29 36781 36973 
158 510 gi|3 8621 9774 
160 1169 gi|3 9956 11027 
162 374 gi|3 11794 14472 
164 256 gi|3 11958 12094 
166 373 gi|3 13282 14493 
168 538 gi|3 13286 13715 
170 574 gi|3 13290 14369 
172 464 gi|3 13290 13752 
119 435 gi|3 13308 13747 
174 457 gi|3 14711 14801 
176 2228 gi|3 14933 16358 
178 309 gi|3 22981 23824 
180 1539 gi|3 27528 28695 
182 391 gi|3 30513 30722 
184 252 gi|3 31734 31897 
186 355 gi|3 33949 34085 
188 296 gi|3 34347 34456 
190 269 gi|3 34610 34741 
192 269 gi|3 35233 35352 
1424 2305 gi|30 187 614 
1426 570 gi|30 527 708 
1428 267 gi|30 720 810 
1430 1427 gi|30 1042 1346 
1432 1622 gi|30 2161 2601 
1434 432 gi|30 6141 6410 
1436 417 gi|30 6541 7222 
1438 718 gi|30 13876 14525 
1305 322 gi|30 28441 28618 
1440 359 gi|30 32063 32173 
1442 251 gi|30 38851 38906 
1444 731 gi|31 11327 12794 
1446 664 gi|31 11368 12283 
799 702 gi|31 12803 13399 
625 253 gi|31 14075 14284 
1448 343 gi|31 27811 28009 
803 296 gi|31 27825 27905 
807 278 gi|31 27829 27909 
1335 263 gi|31 32316 32397 
1450 294 gi|31 33216 33370 
1379 1738 gi|31 33929 34660 
239 607 gi|31 34055 34306 
243 278 gi|31 34117 34492 
1452 298 gi|31 35650 35847 
1454 256 gi|31 35704 35938 
1456 280 gi|31 35721 35808 
1458 817 gi|31 37332 38941 
381 289 gi|31 38735 38947 
157 287 gi|32 826 1021 
1460 250 gi|32 2935 3057 
1462 507 gi|32 6247 6901 
1464 336 gi|32 15393 15704 
1466 320 gi|32 15433 15891 
645 250 gi|32 15764 15851 
1468 1220 gi|32 17340 18190 
1470 253 gi|32 21941 22465 
1472 899 gi|32 24002 25036 
329 1298 gi|32 24195 25049 
1474 374 gi|32 24394 25049 
1476 498 gi|32 24426 25058 
1478 302 gi|32 24605 24710 
1480 298 gi|32 24605 24704 
1171 257 gi|32 24812 25030 
1482 273 gi|32 24899 25081 
385 436 gi|32 32786 33720 
1484 830 gi|32 32808 34046 
1275 387 gi|32 33213 33913 
1281 319 gi|32 33222 33913 
131 280 gi|33 8405 8630 
1542 259 gi|33 8407 9114 
1544 280 gi|33 8425 8624 
553 427 gi|33 8430 8647 
1413 258 gi|33 8432 9099 
1546 310 gi|33 12520 12903 
477 347 gi|33 18988 19117 
1548 255 gi|33 19030 19126 
1550 262 gi|33 19032 19123 
251 302 gi|33 19048 19121 
463 336 gi|33 19056 19118 
1552 347 gi|33 19059 19118 
1554 386 gi|33 19069 19178 
1558 288 gi|33 19070 19136 
1556 288 gi|33 19070 19123 
1453 298 gi|33 19224 19420 
1560 272 gi|33 19270 19427 
293 280 gi|33 19895 20280 
1562 266 gi|33 20905 21545 
127 329 gi|33 20910 21642 
547 2684 gi|33 22817 23678 
511 1863 gi|33 24877 26950 
1564 1540 gi|33 25166 28453 
1047 3323 gi|33 25597 29207 
959 2245 gi|33 25661 29680 
1061 288 gi|33 25676 26017 
869 1844 gi|33 25678 32811 
1566 1521 gi|33 25684 27539 
925 615 gi|33 25692 27393 
1568 291 gi|33 25728 25952 
1570 1831 gi|33 25756 27381 
1572 2363 gi|33 25759 29459 
839 1231 gi|33 25760 27453 
1574 670 gi|33 25762 29459 
893 2852 gi|33 25763 33771 
1025 4938 gi|33 25769 35486 
1037 4717 gi|33 25769 32279 
999 3497 gi|33 25776 32687 
1576 320 gi|33 26730 27379 
1578 3018 gi|33 27072 30670 
941 3121 gi|33 27282 32280 
921 2077 gi|33 27438 30366 
1580 2431 gi|33 27467 30769 
825 2552 gi|33 27660 30362 
865 1677 gi|33 27744 29678 
493 1401 gi|33 28713 30170 
1582 1226 gi|33 28904 30386 
1003 3443 gi|33 28912 32687 
1584 1977 gi|33 28918 32233 
1586 592 gi|33 29676 30472 
1588 2443 gi|33 30198 33741 
859 920 gi|33 30452 36907 
953 3002 gi|33 30706 35468 
827 2026 gi|33 30797 33713 
887 1494 gi|33 30809 34682 
1590 1721 gi|33 30828 33911 
991 2627 gi|33 31663 34694 
505 1351 gi|33 31925 33267 
1592 1574 gi|33 32027 35341 
1594 939 gi|33 32029 34455 
1596 358 gi|33 32041 34691 
1598 636 gi|33 32805 33600 
1029 1956 gi|33 33081 36845 
1041 1036 gi|33 33081 34707 
917 651 gi|33 33319 34569 
1600 1431 gi|33 33346 36027 
939 2096 gi|33 33480 37614 
861 484 gi|33 33735 34678 
1602 900 gi|33 33736 36973 
833 580 gi|33 34000 34664 
837 594 gi|33 34886 36022 
1045 1163 gi|33 34903 36563 
923 973 gi|33 34907 36879 
907 407 gi|33 34909 35294 
867 344 gi|33 34911 35930 
1023 1409 gi|33 34993 36845 
995 665 gi|33 35081 36969 
531 655 gi|33 35109 36006 
1604 444 gi|33 35115 36007 
1606 1632 gi|33 35247 37014 
1608 642 gi|33 35368 36007 
1461 250 gi|33 35566 35702 
913 486 gi|33 35568 36006 
1610 255 gi|33 36257 36471 
1612 255 gi|33 36257 36471 
1614 252 gi|33 36348 36482 
1616 315 gi|33 36409 37064 
513 284 gi|33 36424 36481 
701 273 gi|33 36599 36829 
1618 272 gi|33 37307 37546 
1620 572 gi|33 37686 39035 
1622 1204 gi|33 37792 39065 
1486 265 gi|34 2152 2324 
1299 340 gi|34 26023 26720 
1488 254 gi|34 30550 30713 
1490 450 gi|34 31400 31988 
1492 262 gi|35 1435 1604 
1494 254 gi|35 5099 5238 
1496 466 gi|35 12158 12350 
1498 390 gi|35 12160 12352 
1500 360 gi|35 12160 12335 
1502 386 gi|35 12173 12336 
1504 381 gi|35 12196 12387 
1506 359 gi|35 12222 12361 
1121 439 gi|35 12263 12338 
1508 404 gi|35 12270 12335 
1510 373 gi|35 12276 12333 
29 421 gi|35 12277 12355 
1512 416 gi|35 12278 12339 
45 442 gi|35 12278 12335 
1245 407 gi|35 12280 12335 
1514 391 gi|35 12283 12357 
1516 464 gi|35 12286 12340 
1518 428 gi|35 12288 12335 
1239 425 gi|35 12289 12365 
1530 393 gi|35 12289 12345 
1520 464 gi|35 12289 12337 
1526 404 gi|35 12289 12336 
1149 367 gi|35 12289 12335 
1522 384 gi|35 12289 12334 
1528 384 gi|35 12289 12334 
1524 416 gi|35 12289 12332 
1532 423 gi|35 26950 28116 
1534 308 gi|35 27153 27395 
1536 311 gi|35 27305 27409 
757 567 gi|35 27344 28194 
1538 665 gi|35 27618 28268 
1313 881 gi|35 27619 28248 
1540 419 gi|35 27688 28176 
461 646 gi|35 39491 39966 
1469 1220 gi|36 131 1002 
1624 268 gi|36 6310 6512 
1626 332 gi|36 16458 16618 
975 263 gi|36 20137 20209 
1628 402 gi|36 23797 24604 
1325 354 gi|36 23845 24585 
1630 276 gi|36 29686 29941 
1632 28001 gi|36 36642 40000 
1634 396 gi|36 36670 36749 
1636 366 gi|36 36672 36749 
1638 27481 gi|36 36813 40000 
1640 16361 gi|36 36813 38797 
1642 318 gi|36 38940 38990 
1644 318 gi|36 38940 38990 
795 1105 gi|37 565 1514 
273 522 gi|37 568 1304 
1625 268 gi|37 957 1154 
73 273 gi|37 3831 4241 
1690 251 gi|37 4096 4240 
1692 255 gi|37 8926 9148 
1694 1210 gi|37 11677 12724 
453 282 gi|37 14448 14573 
1696 269 gi|37 22764 22884 
707 284 gi|37 24180 24488 
1698 943 gi|37 24696 26159 
1702 1226 gi|37 24697 26170 
1700 1501 gi|37 24697 26104 
1704 600 gi|37 24801 26095 
665 378 gi|37 26398 26607 
207 310 gi|37 27354 27486 
1706 404 gi|37 27424 27496 
1708 253 gi|37 27435 28010 
205 327 gi|37 27441 27487 
1710 263 gi|37 27896 28032 
7 260 gi|37 28676 28766 
1712 2477 gi|37 29922 32627 
1714 2637 gi|37 30421 32620 
3 296 gi|37 33624 33835 
1716 297 gi|37 37453 37613 
1720 271 gi|37 37701 37788 
1718 345 gi|37 37701 37782 
1075 304 gi|37 37724 37823 
479 272 gi|37 37727 37984 
1557 288 gi|37 37727 37781 
481 318 gi|37 37727 37773 
741 253 gi|37 39378 39461 
1722 265 gi|37 39519 39633 
1405 453 gi|38 1623 1935 
1091 263 gi|38 12850 13086 
1627 332 gi|38 12861 13016 
1646 514 gi|38 14420 15572 
679 267 gi|38 14610 15321 
673 723 gi|38 16035 17091 
305 367 gi|38 18735 19114 
1648 259 gi|38 20662 20763 
671 335 gi|38 22363 22721 
107 638 gi|38 23476 25618 
97 277 gi|38 23762 24269 
1650 273 gi|38 23865 24315 
1652 326 gi|38 25820 26902 
557 289 gi|38 26234 26538 
1654 257 gi|38 26237 26512 
1656 2354 gi|38 27957 29110 
675 250 gi|38 32419 32526 
1658 256 gi|38 34686 35101 
1660 367 gi|38 34889 35272 
1505 381 gi|38 35178 35353 
1662 466 gi|38 35186 35265 
1664 350 gi|38 35187 35265 
1127 443 gi|38 35194 35269 
21 400 gi|38 35197 35265 
1666 432 gi|38 35198 35270 
1668 392 gi|38 35204 35265 
1670 377 gi|38 35210 35265 
1672 444 gi|38 35213 35273 
1674 385 gi|38 35215 35265 
1247 442 gi|38 35217 35272 
1678 420 gi|38 35219 35358 
1267 393 gi|38 35219 35265 
1676 393 gi|38 35219 35265 
1680 393 gi|38 35219 35265 
1682 446 gi|38 35220 35270 
1684 385 gi|38 35220 35265 
59 409 gi|38 35220 35265 
1137 346 gi|38 35221 35265 
1525 416 gi|38 35222 35265 
1686 416 gi|38 35222 35265 
1093 406 gi|38 35332 36077 
1688 943 gi|38 35412 37216 
1161 323 gi|38 36379 36534 
1724 296 gi|39 506 758 
1165 397 gi|39 507 755 
1726 264 gi|39 1501 1639 
1728 524 gi|39 6736 6817 
1730 460 gi|39 6817 6949 
1643 318 gi|39 7213 7265 
1639 27481 gi|39 9373 12538 
1732 19280 gi|39 10557 12849 
1637 366 gi|39 12652 12730 
1734 584 gi|39 18907 20436 
1736 284 gi|39 18917 19406 
1209 1565 gi|39 19049 21238 
1738 359 gi|39 19633 20300 
1740 288 gi|39 19640 20300 
1742 855 gi|39 19671 20436 
1744 292 gi|39 19706 20447 
1205 335 gi|39 19727 20434 
1746 417 gi|39 20094 20392 
1748 279 gi|39 20096 20303 
1750 294 gi|39 20112 20380 
1752 690 gi|39 20522 21277 
1754 671 gi|39 20522 21265 
1223 505 gi|39 20602 21234 
1756 324 gi|39 20603 21305 
1758 258 gi|39 20603 21270 
353 306 gi|39 20619 21049 
1760 262 gi|39 20823 21042 
1762 327 gi|39 20888 21078 
1764 261 gi|39 20906 21169 
1766 264 gi|39 20942 21065 
219 303 gi|39 20948 21187 
1768 276 gi|39 21337 21788 
1770 744 gi|39 23190 24184 
567 735 gi|39 23192 24178 
1772 661 gi|39 23192 24166 
1289 585 gi|39 23219 24192 
1774 656 gi|39 23231 24192 
1179 297 gi|39 23362 24467 
1776 367 gi|39 23368 23601 
1778 283 gi|39 23749 24178 
575 287 gi|39 24452 24536 
1780 420 gi|39 24761 24830 
1782 449 gi|39 24819 24969 
1645 318 gi|39 25231 25283 
1633 28001 gi|39 27391 30744 
1784 17902 gi|39 28575 30753 
195 313 gi|39 32252 32358 
1786 429 gi|39 32260 32339 
1073 889 gi|39 37544 37750 
265 1269 gi|39 37559 37927 
86 263 gi|4 141 268 
175 457 gi|4 6981 7069 
177 2228 gi|4 7126 8524 
88 917 gi|4 21938 22267 
90 259 gi|4 24677 24780 
92 1178 gi|4 28087 29201 
94 1144 gi|4 29387 31578 
96 277 gi|4 30775 31279 
98 294 gi|4 30928 31252 
100 268 gi|4 30940 31253 
102 252 gi|4 31088 31435 
104 255 gi|4 31126 31246 
106 638 gi|4 31643 33797 
108 258 gi|4 31668 31729 
169 538 gi|4 33873 34299 
110 252 gi|4 33947 34529 
112 391 gi|4 33987 35034 
114 418 gi|4 33989 34327 
116 502 gi|4 34004 34373 
165 256 gi|40 737 876 
1878 415 gi|40 3326 3412 
1880 1438 gi|40 3499 4101 
407 285 gi|40 3642 3745 
1882 260 gi|40 3684 3778 
1421 266 gi|40 6325 6368 
1159 310 gi|40 7611 7794 
1884 482 gi|40 7623 7875 
1886 330 gi|40 7635 7881 
1888 331 gi|40 7679 7881 
1689 943 gi|40 9283 11097 
1890 314 gi|40 10039 10230 
1892 296 gi|40 10046 10208 
1095 369 gi|40 10492 11165 
1894 275 gi|40 11575 11905 
1545 280 gi|40 11874 12081 
1896 257 gi|40 12442 12548 
1403 250 gi|40 12446 12557 
1898 538 gi|40 16993 17565 
171 574 gi|40 16999 18078 
1900 846 gi|40 17023 17727 
1902 309 gi|40 17025 18130 
123 378 gi|40 17030 17456 
115 418 gi|40 17114 17452 
1904 499 gi|40 17124 18141 
1407 270 gi|40 17410 17662 
1906 377 gi|40 20801 21476 
1908 562 gi|40 21268 21970 
1910 438 gi|40 21507 21959 
1439 718 gi|40 24927 25579 
1547 310 gi|40 25266 25650 
627 457 gi|40 25336 25607 
1387 259 gi|40 37803 37970 
1411 356 gi|41 390 489 
551 293 gi|41 399 1152 
1804 399 gi|41 406 1168 
9 275 gi|41 1737 1866 
1806 258 gi|41 4026 4136 
1808 251 gi|41 5414 5634 
287 270 gi|41 5429 5647 
1810 258 gi|41 5502 5638 
1457 280 gi|41 5517 5604 
299 281 gi|41 6191 6514 
1455 256 gi|41 6463 6705 
1812 310 gi|41 8096 8672 
1814 783 gi|41 10885 13777 
601 294 gi|41 19572 19731 
457 251 gi|41 19572 19718 
1816 304 gi|41 21590 22356 
1818 373 gi|41 21702 22236 
1820 252 gi|41 21713 22248 
1651 273 gi|41 21851 22281 
1822 313 gi|41 21860 22076 
1824 294 gi|41 24667 24883 
1826 258 gi|41 24720 24828 
597 255 gi|41 24754 24820 
1828 287 gi|41 26719 26864 
327 321 gi|41 29512 30345 
341 1671 gi|41 29602 30319 
1475 374 gi|41 29606 30278 
1830 631 gi|41 29692 30209 
1832 323 gi|41 29694 30249 
669 368 gi|41 29694 29926 
227 339 gi|41 29740 30246 
1393 337 gi|41 29740 29972 
443 253 gi|41 29811 29992 
1493 262 gi|41 30135 30310 
1834 528 gi|41 33721 34198 
1836 253 gi|41 33722 33950 
401 312 gi|41 33741 34166 
1653 326 gi|41 35028 36040 
1409 336 gi|41 35106 35812 
1838 431 gi|41 35198 35695 
1347 270 gi|41 35417 35781 
155 254 gi|41 35419 35670 
1840 309 gi|41 35424 35677 
559 262 gi|41 35425 35798 
1842 327 gi|41 35929 36072 
1657 2354 gi|41 36581 37729 
711 1124 gi|41 38174 39394 
709 866 gi|41 38174 39389 
1844 415 gi|41 39520 39982 
1848 274 gi|41 39616 40000 
1846 558 gi|41 39616 39985 
1850 868 gi|41 39622 39998 
1852 359 gi|41 39637 39965 
1854 264 gi|41 39786 39982 
1856 379 gi|41 39800 39970 
1788 493 gi|42 57 1190 
1790 260 gi|42 536 646 
1792 292 gi|42 813 1312 
1794 1115 gi|42 1669 3240 
1796 667 gi|42 3321 4154 
1431 1427 gi|42 10047 10337 
1798 339 gi|42 13381 13538 
409 260 gi|42 17553 17692 
1800 293 gi|42 21371 21430 
1802 377 gi|42 21739 21811 
363 262 gi|42 27366 27458 
1441 359 gi|42 31871 31983 
405 254 gi|42 33338 33434 
1331 3201 gi|42 35236 35814 
1427 570 gi|42 39827 40000 
1858 284 gi|43 136 616 
1860 291 gi|43 284 707 
1862 274 gi|43 967 1387 
1345 309 gi|43 1770 1945 
397 286 gi|43 1825 1946 
1864 284 gi|43 2220 2335 
767 261 gi|43 4387 4586 
133 1038 gi|43 5900 7113 
139 450 gi|43 11603 12040 
1317 9935 gi|43 13647 16821 
1866 8232 gi|43 16798 18109 
1868 253 gi|43 19879 19940 
1303 321 gi|43 25261 25370 
1870 403 gi|43 26514 26650 
775 418 gi|43 26514 26650 
1435 432 gi|43 30816 31094 
1437 417 gi|43 31258 31958 
697 850 gi|43 36027 36294 
1872 423 gi|43 36277 36440 
1874 439 gi|43 36292 36466 
1876 367 gi|43 36355 36712 
1429 267 gi|43 36759 36850 
643 315 gi|43 39030 39770 
1954 469 gi|44 10566 10889 
793 263 gi|44 13507 13634 
1509 404 gi|44 14374 14440 
1956 422 gi|44 14375 14440 
1958 463 gi|44 14377 14457 
1669 392 gi|44 14380 14437 
1960 462 gi|44 14382 14440 
1265 430 gi|44 14383 14440 
1962 396 gi|44 14389 14439 
1966 357 gi|44 14390 14655 
1503 386 gi|44 14390 14536 
1125 449 gi|44 14390 14504 
35 420 gi|44 14390 14443 
1257 447 gi|44 14390 14442 
1964 473 gi|44 14390 14439 
1968 402 gi|44 14391 14463 
1970 421 gi|44 14391 14440 
43 437 gi|44 14391 14439 
1135 374 gi|44 14391 14438 
1976 347 gi|44 14392 14502 
1974 397 gi|44 14392 14460 
1972 412 gi|44 14392 14440 
1978 434 gi|44 14392 14437 
1663 466 gi|44 14394 14479 
1980 434 gi|44 14394 14445 
1982 385 gi|44 14394 14441 
1477 498 gi|44 19826 20458 
333 660 gi|44 19847 20515 
339 280 gi|44 19871 20732 
1984 905 gi|44 19884 20553 
439 397 gi|44 19884 20279 
743 324 gi|44 19887 20398 
225 431 gi|44 19887 20361 
1831 631 gi|44 19904 20409 
1225 292 gi|44 19961 20420 
667 289 gi|44 20054 20433 
1763 327 gi|44 20129 20325 
1373 279 gi|44 20144 20282 
1809 251 gi|44 20171 20392 
61 759 gi|44 20975 21873 
1986 271 gi|44 21987 22093 
595 281 gi|44 22349 22469 
1715 2637 gi|44 23558 25712 
1988 3177 gi|44 23571 25719 
1990 251 gi|44 23850 24028 
1992 260 gi|44 27687 27775 
1994 331 gi|44 32144 33262 
1996 318 gi|44 36771 37949 
1916 253 gi|45 1740 1896 
1918 322 gi|45 2487 2683 
325 266 gi|45 7105 7712 
213 494 gi|45 7224 7874 
1920 322 gi|45 7545 7831 
289 306 gi|45 7553 7738 
1922 250 gi|45 11770 11828 
1924 311 gi|45 11794 11848 
1926 544 gi|45 12909 13564 
93 1178 gi|45 23548 24657 
1928 506 gi|45 26557 27002 
1930 268 gi|45 27093 27294 
1879 415 gi|45 30684 30770 
1932 282 gi|45 30708 30763 
1934 252 gi|45 30709 30782 
1936 260 gi|45 33080 33249 
733 292 gi|45 34045 34148 
1938 354 gi|45 34047 34249 
1940 277 gi|45 34047 34107 
1942 366 gi|45 34163 34259 
1944 1309 gi|45 34505 36117 
1946 835 gi|45 34585 36105 
1948 1950 gi|45 34646 36117 
1699 943 gi|45 34683 36118 
1950 292 gi|45 35967 36101 
1952 271 gi|45 37783 38909 
1713 2477 gi|46 3737 6417 
1989 3177 gi|46 3739 5896 
1998 1368 gi|46 9774 11121 
2000 530 gi|46 9808 11121 
2002 264 gi|46 9811 10076 
2004 391 gi|46 9812 11126 
2006 904 gi|46 10182 11121 
2008 383 gi|46 10188 11151 
1487 265 gi|46 12605 12779 
1795 1115 gi|46 18512 20090 
1917 253 gi|46 22186 22345 
1351 368 gi|46 22637 24231 
2010 581 gi|46 22698 24129 
2012 267 gi|46 22739 22945 
1751 294 gi|46 33148 33418 
351 327 gi|46 33284 33412 
2014 261 gi|46 33300 33411 
229 295 gi|46 33301 33774 
1353 271 gi|46 33313 33409 
761 334 gi|46 36214 36663 
1912 330 gi|47 2855 3369 
809 2901 gi|47 6382 7150 
1803 377 gi|47 10901 10972 
1801 293 gi|47 10948 11005 
1425 2305 gi|47 11029 11461 
1914 255 gi|47 17663 17731 
1925 311 gi|47 25297 25351 
641 365 gi|47 28714 28992 
1693 255 gi|47 36028 36241 
2054 277 gi|48 168 2412 
983 556 gi|48 171 3150 
2056 480 gi|48 178 1121 
2058 855 gi|48 185 3144 
2060 372 gi|48 1410 2395 
2062 322 gi|48 2824 3193 
963 317 gi|48 2828 3156 
927 425 gi|48 2839 3219 
2064 276 gi|48 2931 3112 
897 370 gi|48 3757 4513 
965 609 gi|48 3829 4681 
935 304 gi|48 3829 4515 
1577 320 gi|48 3920 4554 
1013 268 gi|48 4027 4482 
875 250 gi|48 4091 4602 
2066 292 gi|48 6264 6554 
2068 250 gi|48 8580 8933 
307 1422 gi|48 11808 13353 
1067 4235 gi|48 15792 17207 
621 1134 gi|48 18812 20047 
2070 530 gi|48 19668 21016 
951 256 gi|48 19850 19919 
617 2738 gi|48 20314 22444 
2072 615 gi|48 21715 22542 
2074 1041 gi|48 22690 24632 
611 8337 gi|48 22718 27467 
2076 279 gi|48 24415 24550 
2078 1996 gi|48 25094 27455 
1659 256 gi|48 28287 28680 
1839 431 gi|48 28424 28923 
1817 304 gi|48 29558 30345 
95 1144 gi|48 29566 31753 
109 258 gi|48 30606 30669 
791 289 gi|48 32181 32299 
771 71289 gi|49 1 7920 
717 297 gi|49 767 823 
1871 403 gi|49 2643 2761 
779 41876 gi|49 3227 7927 
781 266 gi|49 5103 5266 
1931 268 gi|49 13046 13267 
777 430 gi|49 14003 14521 
783 447 gi|49 14003 14521 
2016 315 gi|49 15917 15984 
1173 5439 gi|49 16940 18374 
2018 253 gi|49 21591 21719 
1195 276 gi|49 23346 23438 
2020 264 gi|49 25010 25430 
2022 333 gi|49 25267 25515 
1507 359 gi|49 25436 25569 
1117 383 gi|49 25458 25513 
1251 413 gi|49 25463 25529 
1667 432 gi|49 25463 25528 
2024 395 gi|49 25463 25513 
1517 464 gi|49 25465 25519 
1233 343 gi|49 25468 25765 
2028 315 gi|49 25468 25731 
2036 333 gi|49 25468 25690 
2044 332 gi|49 25468 25676 
2030 426 gi|49 25468 25529 
57 374 gi|49 25468 25527 
2034 392 gi|49 25468 25521 
2026 439 gi|49 25468 25517 
1983 385 gi|49 25468 25515 
39 410 gi|49 25468 25515 
2032 393 gi|49 25468 25514 
1979 434 gi|49 25468 25513 
2038 384 gi|49 25468 25513 
2040 384 gi|49 25468 25513 
1147 396 gi|49 25468 25512 
2042 374 gi|49 25468 25512 
1687 416 gi|49 25468 25511 
565 537 gi|49 25509 26912 
2046 648 gi|49 25531 26933 
1773 661 gi|49 25531 26508 
1291 528 gi|49 25558 26869 
2048 427 gi|49 25561 26506 
1183 346 gi|49 25716 26566 
1629 402 gi|49 27316 28202 
1327 299 gi|49 27337 27636 
2050 285 gi|49 28519 28800 
1085 254 gi|49 34717 34846 
2067 292 gi|49 37904 38203 
1399 298 gi|49 38088 38265 
2052 679 gi|49 39106 40000 
0 1489 gi|5 622 1982 
2 296 gi|5 2082 2299 
4 262 gi|5 2146 2300 
6 260 gi|5 2704 2794 
8 275 gi|5 2710 2839 
10 299 gi|5 3680 3855 
12 305 gi|5 4186 4415 
14 352 gi|5 4287 4379 
16 378 gi|5 4303 4378 
18 428 gi|5 4305 4379 
20 400 gi|5 4311 4377 
22 428 gi|5 4313 4381 
24 462 gi|5 4317 4379 
26 400 gi|5 4318 4377 
28 421 gi|5 4320 4400 
30 311 gi|5 4322 4536 
32 385 gi|5 4322 4378 
34 420 gi|5 4328 4381 
36 412 gi|5 4329 4417 
38 410 gi|5 4330 4377 
44 442 gi|5 4331 4388 
48 397 gi|5 4331 4380 
40 437 gi|5 4331 4379 
42 437 gi|5 4331 4379 
46 437 gi|5 4331 4379 
50 488 gi|5 4332 4387 
52 392 gi|5 4332 4382 
54 442 gi|5 4333 4379 
56 374 gi|5 4334 4392 
58 409 gi|5 4334 4379 
60 759 gi|5 4389 5280 
62 8131 gi|5 14075 15359 
64 2916 gi|5 14106 14828 
66 358 gi|5 14829 15247 
68 2862 gi|5 14837 15356 
70 263 gi|5 14858 14944 
72 273 gi|5 23664 24073 
74 371 gi|5 25823 26048 
76 257 gi|5 27229 27295 
78 2275 gi|5 30461 31357 
80 1028 gi|5 32386 33416 
82 960 gi|5 35577 37070 
84 825 gi|5 37398 38714 
1813 310 gi|50 10296 10869 
2122 2172 gi|50 12146 13125 
2124 679 gi|50 12195 13205 
2126 483 gi|50 13132 13642 
1723 265 gi|50 14448 14555 
1385 300 gi|50 15348 15451 
179 309 gi|50 16982 17831 
1401 454 gi|50 21107 21507 
1897 257 gi|50 21332 21438 
653 814 gi|50 24385 25290 
651 4001 gi|50 25661 26637 
549 295 gi|50 25727 26427 
755 339 gi|50 32006 32273 
2128 510 gi|50 34537 35369 
2130 1350 gi|50 34558 35642 
2132 372 gi|50 34625 35558 
2134 375 gi|50 34803 35618 
1821 252 gi|50 34986 35540 
1847 558 gi|50 35185 35549 
2136 496 gi|50 35719 36895 
2138 337 gi|50 35724 36885 
1903 309 gi|50 35727 36805 
1319 261 gi|50 36200 36330 
145 575 gi|50 37306 38334 
811 604 gi|50 37487 38335 
2051 285 gi|50 38627 38903 
2104 771 gi|51 3201 3696 
1937 260 gi|51 7063 7229 
1301 521 gi|51 7105 7637 
2106 253 gi|51 8992 9150 
87 263 gi|51 9984 10111 
2108 258 gi|51 14617 14928 
687 2367 gi|51 15172 17150 
1725 296 gi|51 17492 17744 
1887 330 gi|51 17493 17739 
1163 258 gi|51 17501 17743 
1927 544 gi|51 19145 19792 
703 273 gi|51 19596 19748 
1631 276 gi|51 22302 22561 
2110 456 gi|51 33580 34308 
1101 404 gi|51 33644 34299 
235 250 gi|51 34059 34140 
2112 456 gi|51 35448 35996 
1109 256 gi|51 35486 35834 
445 258 gi|51 35772 35887 
1449 343 gi|51 36832 37055 
805 253 gi|51 36855 37015 
1191 264 gi|51 38944 39030 
1419 780 gi|52 4020 4687 
1919 322 gi|52 4038 4240 
2114 270 gi|52 4359 4687 
491 500 gi|52 7132 7705 
147 1990 gi|52 8176 9380 
1193 283 gi|52 18916 19034 
1019 252 gi|52 27605 27777 
1747 417 gi|52 29315 29607 
1389 1025 gi|52 29324 29982 
217 384 gi|52 29339 29927 
1765 261 gi|52 29361 29616 
749 501 gi|52 29400 29940 
2116 381 gi|52 29539 29902 
1539 665 gi|52 30170 30843 
1309 638 gi|52 30194 31789 
2118 349 gi|52 30274 31619 
2120 273 gi|52 30471 31553 
1535 308 gi|52 31126 31362 
1089 266 gi|52 36812 36933 
2127 483 gi|52 39466 40000 
141 255 gi|53 492 576 
1873 423 gi|53 1432 1586 
819 2436 gi|53 4912 5850 
2080 2724 gi|53 5949 6480 
63 8131 gi|53 5958 7249 
623 408 gi|53 6070 6488 
2082 2904 gi|53 6489 7210 
1875 439 gi|53 10027 10211 
1877 367 gi|53 10747 11107 
693 346 gi|53 11468 11636 
1069 1624 gi|53 14998 15780 
1071 1384 gi|53 16597 17281 
1361 275 gi|53 22771 22984 
1841 309 gi|53 22772 23028 
2084 570 gi|53 23647 24346 
2086 35301 gi|53 28458 32657 
2088 442 gi|53 28544 29313 
1753 690 gi|53 28632 29393 
1201 850 gi|53 28649 29416 
1215 568 gi|53 28656 29329 
1741 288 gi|53 28785 29428 
337 261 gi|53 28849 28973 
1481 298 gi|53 28868 28967 
2090 477 gi|53 29644 30472 
2092 308 gi|53 29649 30473 
1199 710 gi|53 29702 30458 
1757 324 gi|53 29711 30424 
1743 855 gi|53 29743 30514 
1219 671 gi|53 29752 31173 
1391 282 gi|53 29752 30101 
215 250 gi|53 29792 30058 
343 319 gi|53 29807 30060 
2094 348 gi|53 29844 30078 
2015 261 gi|53 29953 30060 
285 279 gi|53 29954 30063 
1951 292 gi|53 32777 32911 
2096 1750 gi|53 34108 35574 
2098 604 gi|53 34108 34665 
1947 835 gi|53 34119 35624 
1705 600 gi|53 34211 35476 
2100 898 gi|53 34885 35600 
2102 563 gi|53 35805 36172 
1227 15864 gi|53 37420 39353 
2140 523 gi|54 479 1442 
1587 592 gi|54 483 1306 
845 601 gi|54 483 1276 
1599 636 gi|54 483 1272 
2142 785 gi|54 484 1457 
507 380 gi|54 484 926 
1011 790 gi|54 487 1466 
2144 745 gi|54 504 1210 
1055 785 gi|54 526 1461 
2146 734 gi|54 635 1290 
967 364 gi|54 812 1466 
2148 365 gi|54 819 1411 
2150 431 gi|54 1030 1455 
2152 1029 gi|54 4606 5866 
1623 1204 gi|54 4624 5893 
2154 460 gi|54 9060 10129 
2156 564 gi|54 9127 10099 
2158 338 gi|54 9154 10118 
1363 345 gi|54 9189 9504 
2160 2415 gi|54 9199 13827 
2133 372 gi|54 9201 10139 
101 268 gi|54 9572 9900 
1853 359 gi|54 9789 10111 
2162 2062 gi|54 10341 13807 
2164 1356 gi|54 10473 12289 
2166 1624 gi|54 11007 12289 
2005 391 gi|54 11033 12295 
2168 405 gi|54 12409 13299 
1451 294 gi|54 14074 14228 
2170 1085 gi|54 16098 17348 
2172 1637 gi|54 20402 22022 
1153 2309 gi|54 20413 22209 
2069 250 gi|54 20427 20780 
1115 385 gi|54 24232 24305 
2174 408 gi|54 24254 24304 
2176 452 gi|54 24255 24307 
2178 403 gi|54 24256 24303 
1111 379 gi|54 24257 24792 
1269 424 gi|54 24257 24319 
1249 460 gi|54 24257 24310 
1683 446 gi|54 24257 24310 
2025 395 gi|54 24257 24310 
2186 417 gi|54 24257 24308 
53 392 gi|54 24257 24307 
1965 473 gi|54 24257 24306 
2180 423 gi|54 24257 24306 
1973 412 gi|54 24257 24305 
2182 413 gi|54 24257 24305 
2184 413 gi|54 24257 24305 
47 437 gi|54 24257 24305 
1523 384 gi|54 24257 24302 
2188 393 gi|54 24258 24304 
1521 464 gi|54 24259 24307 
2027 439 gi|54 24259 24307 
1677 393 gi|54 24259 24305 
635 1160 gi|54 24300 25438 
2190 1575 gi|54 24316 25423 
689 257 gi|54 25173 25259 
563 653 gi|54 25424 26485 
1175 990 gi|54 25462 26476 
1771 744 gi|54 25491 26492 
1285 720 gi|54 25494 26906 
2047 648 gi|54 25499 26918 
2192 347 gi|54 25662 26478 
2194 295 gi|54 25949 26477 
1837 253 gi|54 29149 29384 
27 400 gi|54 30537 30593 
1673 444 gi|54 30541 30601 
1981 434 gi|54 30541 30593 
1513 416 gi|54 30544 30599 
2023 333 gi|54 30546 30781 
1237 418 gi|54 30546 30634 
1259 719 gi|54 30547 31463 
2200 372 gi|54 30547 30751 
2202 427 gi|54 30547 30643 
1969 402 gi|54 30547 30629 
1119 413 gi|54 30547 30598 
1519 428 gi|54 30547 30594 
2196 419 gi|54 30547 30593 
2198 419 gi|54 30547 30593 
15 352 gi|54 30548 30660 
2208 427 gi|54 30548 30607 
2206 422 gi|54 30548 30596 
2204 410 gi|54 30548 30593 
1129 371 gi|54 30549 30593 
2210 400 gi|54 30549 30593 
2029 315 gi|54 30550 30839 
1665 350 gi|54 30550 30630 
1807 258 gi|54 31238 31348 
1343 253 gi|54 36342 36446 
1177 762 gi|54 38812 39808 
2049 427 gi|54 38826 39787 
569 516 gi|54 38829 39978 
1293 1067 gi|54 38830 39999 
1775 656 gi|54 38830 39815 
2212 300 gi|54 38830 39081 
2214 500 gi|54 38905 39853 
429 257 gi|54 39490 39983 
2216 497 gi|54 39542 39802 
2220 922 gi|55 1 1061 
2123 2172 gi|55 1 1013 
2218 527 gi|55 1 464 
2169 405 gi|55 36 958 
2222 260 gi|55 361 503 
83 960 gi|55 5565 7091 
2224 990 gi|55 8507 9313 
1321 254 gi|55 8520 8654 
85 825 gi|55 9781 11069 
2226 1446 gi|55 11350 12639 
2165 1356 gi|55 11353 13090 
2228 1105 gi|55 11353 12730 
2007 904 gi|55 11354 12290 
2230 474 gi|55 11356 12560 
2003 264 gi|55 12345 12598 
2232 286 gi|55 12915 13056 
2234 512 gi|55 14368 15085 
1913 330 gi|55 14564 15084 
2236 2664 gi|55 18533 22042 
1375 1340 gi|55 27449 28397 
1287 364 gi|56 1289 2295 
2215 500 gi|56 1409 2321 
2193 347 gi|56 1464 2271 
1777 367 gi|56 1471 1705 
1463 507 gi|56 4498 5144 
2240 274 gi|56 7426 7898 
663 267 gi|56 13654 13734 
2242 829 gi|56 16073 17149 
2223 260 gi|56 20544 20692 
2244 640 gi|56 25991 26893 
1885 482 gi|56 26416 26669 
1893 296 gi|56 26523 26685 
785 262 gi|56 26812 27057 
2087 35301 gi|56 27522 31722 
2091 477 gi|56 27608 28431 
1203 792 gi|56 27713 28482 
1755 671 gi|56 27715 28457 
1217 544 gi|56 27720 28401 
2103 563 gi|56 27821 28246 
1739 359 gi|56 27849 28505 
1479 302 gi|56 27932 28037 
2089 442 gi|56 28708 29494 
1197 593 gi|56 28756 29516 
1759 258 gi|56 28804 29488 
1735 584 gi|56 28807 30303 
1221 864 gi|56 28815 29542 
1395 262 gi|56 28869 29133 
2246 300 gi|56 28884 29141 
345 314 gi|56 28885 29124 
2248 329 gi|56 28906 29129 
449 250 gi|56 29021 29124 
2250 267 gi|56 29025 29203 
1949 1950 gi|56 31749 33217 
1701 1501 gi|56 31749 33126 
2097 1750 gi|56 31750 33216 
1945 1309 gi|56 38172 39779 
1703 1226 gi|56 38172 39615 
2099 604 gi|56 38173 38728 
2101 898 gi|56 38950 39663 
579 591 gi|57 2867 3666 
2262 1154 gi|57 3089 3669 
2264 324 gi|57 3918 4455 
2266 250 gi|57 6021 6119 
1333 1630 gi|57 8160 9377 
2268 411 gi|57 9721 10966 
2270 298 gi|57 10102 10207 
2272 252 gi|57 10850 10998 
281 252 gi|57 10927 11042 
1995 331 gi|57 15003 16197 
2274 287 gi|57 15880 15963 
1799 339 gi|57 17885 18045 
1277 259 gi|57 26723 26895 
1495 254 gi|57 36460 36588 
1881 1438 gi|57 37470 38036 
321 250 gi|58 8186 8859 
323 1661 gi|58 9330 10778 
231 392 gi|58 9882 10319 
1473 899 gi|58 9889 10919 
747 280 gi|58 9898 10399 
1833 323 gi|58 9899 10445 
2117 381 gi|58 9908 10259 
1985 905 gi|58 9916 10589 
2252 288 gi|58 10178 10313 
1157 392 gi|58 12089 12281 
1151 2891 gi|58 12375 14168 
2173 1637 gi|58 12547 14171 
1357 363 gi|58 13372 14053 
2119 349 gi|58 14714 16034 
1537 311 gi|58 15126 15231 
1315 540 gi|58 15525 16112 
1541 419 gi|58 15525 16025 
2191 1575 gi|58 17804 18914 
637 1826 gi|58 17853 18934 
135 260 gi|58 17876 18060 
2221 922 gi|58 20548 21550 
2125 679 gi|58 20626 21638 
1697 269 gi|58 24197 24314 
2254 260 gi|58 25202 25280 
2238 283 gi|59 63 383 
1433 1622 gi|59 715 1152 
1929 506 gi|59 1783 2215 
1867 8232 gi|59 10085 11389 
2195 295 gi|59 11789 12314 
1297 260 gi|59 11856 12321 
1779 283 gi|59 11889 12313 
1185 305 gi|59 11949 12344 
573 447 gi|59 11952 12314 
2217 497 gi|59 12057 12314 
1859 284 gi|59 13616 14098 
149 335 gi|59 16672 17008 
151 428 gi|59 16720 17074 
1341 292 gi|59 17627 17929 
1861 291 gi|59 18261 18685 
1467 320 gi|59 18333 18787 
713 656 gi|59 22877 24315 
765 681 gi|59 27649 28429 
1181 277 gi|59 31366 32110 
1863 274 gi|59 32699 33115 
194 313 gi|6 108 219 
196 422 gi|6 139 215 
198 255 gi|6 4339 4746 
200 318 gi|6 16032 16262 
202 373 gi|6 18346 18415 
206 310 gi|6 18369 18486 
208 313 gi|6 18369 18486 
204 327 gi|6 18369 18415 
210 350 gi|6 18430 18813 
212 494 gi|6 18445 19053 
214 250 gi|6 18476 18739 
216 384 gi|6 18498 19089 
218 303 gi|6 18500 18736 
220 477 gi|6 18502 19055 
349 328 gi|6 18561 19126 
222 544 gi|6 18564 19106 
226 339 gi|6 18564 19070 
224 431 gi|6 18564 19050 
228 295 gi|6 18632 19071 
230 392 gi|6 18638 19090 
232 295 gi|6 18644 18780 
234 250 gi|6 18657 18738 
236 473 gi|6 21730 21980 
238 607 gi|6 21780 22042 
240 256 gi|6 22655 22745 
242 278 gi|6 22770 23142 
244 391 gi|6 22816 23153 
246 263 gi|6 23959 24118 
248 276 gi|6 24030 24116 
250 302 gi|6 24048 24120 
252 332 gi|6 24067 24117 
256 330 gi|6 24068 24138 
258 304 gi|6 24068 24136 
260 256 gi|6 24068 24125 
254 345 gi|6 24068 24118 
262 286 gi|6 24069 24123 
264 1269 gi|6 27678 28025 
266 726 gi|6 27823 28015 
268 726 gi|6 28408 29147 
270 261 gi|6 29217 29393 
272 522 gi|6 29230 29966 
274 321 gi|6 29303 29364 
276 281 gi|6 29638 29939 
278 259 gi|6 29844 29954 
280 252 gi|6 32053 32168 
282 288 gi|6 32353 32630 
284 279 gi|6 32417 32527 
286 270 gi|6 33241 33450 
290 298 gi|6 33256 33436 
288 306 gi|6 33256 33435 
292 280 gi|6 33257 33635 
294 312 gi|6 33268 33469 
296 280 gi|6 33269 33396 
298 281 gi|6 33322 33646 
300 10020 gi|6 34503 35890 
302 10465 gi|6 34504 35894 
304 367 gi|6 37917 38298 
306 1422 gi|6 38423 39959 
308 251 gi|6 38432 38793 
310 251 gi|6 38469 39056 
312 320 gi|6 38481 38656 
1695 1210 gi|60 16385 17447 
2256 304 gi|60 20151 20373 
2258 276 gi|60 20253 20375 
695 1011 gi|60 20830 21196 
2260 313 gi|60 26747 27356 
1559 288 gi|61 4445 4508 
263 286 gi|61 4445 4497 
375 265 gi|61 4445 4497 
2296 281 gi|61 4445 4492 
1329 260 gi|61 4995 5120 
905 304 gi|61 5842 5975 
1829 287 gi|61 6402 6528 
1691 251 gi|61 8838 8978 
181 1539 gi|61 10158 11397 
1417 329 gi|61 14679 14784 
2233 286 gi|61 23115 23249 
2298 591 gi|61 24932 26243 
2300 958 gi|61 25111 26428 
2227 1446 gi|61 25118 26430 
1999 1368 gi|61 25130 26426 
2167 1624 gi|61 25142 26427 
2302 254 gi|61 28051 28108 
2107 253 gi|61 32101 32274 
2304 446 gi|61 32906 33281 
2306 339 gi|61 36825 37004 
1921 322 gi|62 260 540 
1397 296 gi|62 296 520 
1761 262 gi|62 423 651 
2251 267 gi|62 423 593 
2286 380 gi|62 434 588 
383 258 gi|62 4655 4855 
769 437 gi|62 9842 10015 
2288 350 gi|62 12984 13088 
1295 453 gi|62 23831 24727 
2290 316 gi|62 25049 25412 
2292 252 gi|62 30741 30953 
459 966 gi|62 31094 32267 
1907 377 gi|62 34265 34993 
2294 304 gi|62 34686 34994 
1911 438 gi|62 35112 35566 
1443 251 gi|62 38677 38738 
725 419 gi|63 2830 3056 
1953 271 gi|63 3102 4212 
2276 279 gi|63 3158 3286 
2085 570 gi|63 3643 4310 
2278 394 gi|63 3754 4200 
2303 254 gi|63 4902 4966 
2280 409 gi|63 9030 9367 
629 1556 gi|63 10800 11481 
715 256 gi|63 11924 12058 
247 263 gi|63 13751 13903 
1719 345 gi|63 13820 13909 
1549 255 gi|63 13847 13952 
2282 275 gi|63 13848 13922 
471 384 gi|63 13853 13903 
1555 386 gi|63 13854 13960 
475 324 gi|63 13855 13925 
2297 281 gi|63 13855 13902 
1895 275 gi|63 14734 15057 
1229 336 gi|63 17474 18296 
2284 320 gi|63 28602 29431 
2019 253 gi|63 28648 28770 
417 280 gi|63 30173 30252 
1835 528 gi|63 30175 30656 
399 810 gi|63 30243 30705 
489 3840 gi|63 32308 33429 
1993 260 gi|63 33287 33368 
487 669 gi|63 33491 34585 
485 903 gi|63 34757 35609 
1465 336 gi|63 36009 36320 
483 518 gi|63 37603 38056 
2021 264 gi|63 37652 38060 
2308 293 gi|64 30 102 
1733 19280 gi|64 2554 4847 
1785 17902 gi|64 2633 4847 
1635 396 gi|64 2671 2751 
1641 16361 gi|64 2865 4847 
1783 449 gi|64 8453 8595 
1731 460 gi|64 8455 8574 
1729 524 gi|64 8483 8566 
1781 420 gi|64 8483 8552 
2291 316 gi|64 8696 9065 
2293 252 gi|64 12336 12548 
2137 496 gi|64 13696 14880 
1901 846 gi|64 14147 14872 
111 252 gi|64 14226 14823 
173 464 gi|64 14418 14893 
2275 287 gi|64 16040 16126 
1615 252 gi|64 23364 23493 
2239 283 gi|65 585 903 
2155 460 gi|65 1856 2920 
1849 274 gi|65 1865 2237 
1823 313 gi|65 2031 2247 
2318 368 gi|65 2041 2370 
2320 371 gi|65 2041 2352 
1371 286 gi|65 2105 2378 
681 796 gi|65 2846 3737 
81 1028 gi|65 4025 5064 
2322 257 gi|65 4076 4176 
2324 275 gi|65 10832 11313 
2129 510 gi|65 10924 11791 
2326 348 gi|65 10924 11748 
1857 379 gi|65 10924 11091 
1369 281 gi|65 10978 11158 
2328 257 gi|65 11039 11677 
1883 260 gi|65 18218 18302 
2287 380 gi|65 36080 36232 
1811 258 gi|65 36116 36256 
17 378 gi|65 36603 36675 
1511 373 gi|65 36620 36675 
2330 368 gi|65 36623 36733 
1531 393 gi|65 36623 36674 
1675 385 gi|65 36624 36674 
2179 403 gi|65 36628 36675 
2332 403 gi|65 36628 36675 
1977 347 gi|65 36629 36747 
1271 439 gi|65 36629 36702 
19 428 gi|65 36629 36700 
1241 456 gi|65 36629 36686 
1963 396 gi|65 36629 36678 
2207 422 gi|65 36629 36677 
1141 417 gi|65 36629 36675 
2189 393 gi|65 36629 36675 
2334 443 gi|65 36629 36675 
2336 443 gi|65 36629 36675 
2039 384 gi|65 36629 36674 
1145 356 gi|65 36630 36684 
1671 377 gi|65 36631 36690 
2043 374 gi|65 36631 36675 
2211 400 gi|65 36631 36675 
161 1169 gi|65 36685 37752 
13 305 gi|65 37731 38000 
1515 391 gi|65 37774 37854 
2338 417 gi|65 37774 37844 
2340 469 gi|65 37776 37833 
1143 384 gi|65 37776 37824 
2201 372 gi|65 37777 37968 
1501 360 gi|65 37777 37926 
1679 420 gi|65 37777 37906 
1961 462 gi|65 37777 37835 
1261 473 gi|65 37777 37834 
2342 425 gi|65 37777 37828 
1263 421 gi|65 37777 37826 
1971 421 gi|65 37777 37826 
2183 413 gi|65 37777 37825 
41 437 gi|65 37777 37825 
2185 413 gi|65 37778 37826 
2344 462 gi|65 37778 37826 
2041 384 gi|65 37778 37823 
1139 439 gi|65 37779 37838 
2045 332 gi|65 37780 38011 
2199 419 gi|65 37780 37826 
2225 990 gi|65 39048 39857 
1087 338 gi|66 4001 4363 
2310 1017 gi|66 4466 5806 
1349 324 gi|66 7497 9082 
2011 581 gi|66 7556 9006 
2312 344 gi|66 7564 8562 
2249 329 gi|66 7584 7813 
2095 348 gi|66 7586 7821 
1749 279 gi|66 7623 7826 
1561 272 gi|66 7683 7837 
1767 264 gi|66 7685 7808 
233 295 gi|66 7710 7847 
2253 288 gi|66 7710 7845 
271 261 gi|66 8067 8229 
11 299 gi|66 15006 15181 
1423 444 gi|66 19035 19993 
1485 830 gi|66 23937 25166 
393 564 gi|66 24781 25183 
431 347 gi|66 24790 25092 
1791 260 gi|66 28357 28477 
591 492 gi|66 28668 30422 
1825 294 gi|66 29286 29477 
2323 257 gi|66 29296 29392 
2314 284 gi|66 39811 39911 
2316 334 gi|66 39815 39916 
1727 264 gi|66 39817 39952 
1943 366 gi|67 1981 2074 
1939 354 gi|67 2353 2579 
735 301 gi|67 2354 2422 
2366 279 gi|67 2622 2759 
737 326 gi|67 2644 2759 
1941 277 gi|67 2690 2749 
1649 259 gi|67 10542 10643 
2139 337 gi|67 23301 24457 
2368 331 gi|67 23317 24470 
163 374 gi|67 23336 25996 
1905 499 gi|67 23382 24348 
117 502 gi|67 23965 24343 
279 259 gi|67 26099 26215 
193 269 gi|67 27522 27635 
2261 313 gi|67 29118 29727 
1797 667 gi|67 34435 35265 
1445 731 gi|67 36983 38468 
2311 1017 gi|68 95 1374 
813 278 gi|68 1775 1902 
2367 279 gi|68 4659 4807 
2271 298 gi|68 7524 7620 
1459 817 gi|68 18057 19681 
1647 514 gi|68 23092 24257 
677 370 gi|68 23277 23844 
2346 1329 gi|68 29659 32386 
2163 2062 gi|68 29712 33159 
2009 383 gi|68 31171 32139 
2231 474 gi|68 31208 32412 
2299 591 gi|68 31386 32709 
647 266 gi|68 33876 33997 
2279 394 gi|68 34294 34749 
2277 279 gi|68 35193 35319 
2348 252 gi|69 441 544 
1955 469 gi|69 3606 3928 
2350 327 gi|69 8097 9075 
2161 2415 gi|69 8128 12678 
2309 293 gi|69 8193 8273 
2325 275 gi|69 8502 8962 
1855 264 gi|69 8697 8887 
2229 1105 gi|69 9736 11157 
2301 958 gi|69 9847 11158 
2001 530 gi|69 9906 11156 
2347 1329 gi|69 9972 12708 
2219 527 gi|69 11763 12199 
2159 338 gi|69 12822 13780 
2329 257 gi|69 12890 13495 
2352 313 gi|69 12980 13894 
2135 375 gi|69 13041 13869 
2321 371 gi|69 13289 13612 
1365 263 gi|69 13290 13571 
103 252 gi|69 13391 13756 
1845 415 gi|69 13431 13890 
2305 446 gi|69 18308 18686 
1447 664 gi|69 22027 22942 
801 1084 gi|69 26399 26994 
2105 771 gi|69 28916 29403 
1717 297 gi|69 29853 30022 
649 252 gi|69 31353 31446 
65 2916 gi|69 39269 39992 
2083 2904 gi|69 39274 39992 
368 257 gi|7 8243 8290 
249 276 gi|7 8301 8382 
370 328 gi|7 8323 8396 
372 311 gi|7 8325 8437 
374 265 gi|7 8330 8382 
376 267 gi|7 8333 8392 
71 263 gi|7 8674 8750 
378 334 gi|7 10474 10892 
380 289 gi|7 10674 10886 
382 258 gi|7 11567 11767 
384 436 gi|7 16148 17078 
386 262 gi|7 16310 16583 
388 322 gi|7 16450 16575 
390 335 gi|7 16665 16834 
392 564 gi|7 16674 17075 
394 452 gi|7 17939 18167 
396 286 gi|7 18519 18643 
398 810 gi|7 21362 21823 
400 312 gi|7 21449 21871 
402 1744 gi|7 23053 23475 
404 254 gi|7 23834 23930 
406 285 gi|7 26040 26125 
408 260 gi|7 28693 28839 
410 251 gi|7 30778 30876 
412 252 gi|7 32240 32386 
275 321 gi|7 34397 34458 
414 280 gi|7 34742 34986 
416 280 gi|7 35930 36009 
418 251 gi|7 36508 36697 
420 255 gi|7 36636 36695 
422 253 gi|7 37547 38094 
424 305 gi|7 37648 37937 
426 390 gi|7 38788 39257 
428 257 gi|7 38943 39447 
2081 2724 gi|70 1 541 
69 2862 gi|70 1 520 
2071 530 gi|70 147 1522 
619 282 gi|70 791 1623 
2073 615 gi|70 2179 3012 
613 321 gi|70 2358 5138 
2360 274 gi|70 2681 2882 
2075 1041 gi|70 3090 5084 
615 403 gi|70 3657 3926 
2077 279 gi|70 3797 3917 
609 1515 gi|70 5702 8052 
2079 1996 gi|70 5705 8025 
797 250 gi|70 8725 8894 
2349 252 gi|70 9448 9547 
1933 282 gi|70 14647 14702 
1489 254 gi|70 14968 15154 
1843 327 gi|70 15111 15263 
1935 252 gi|70 16176 16249 
1787 429 gi|70 16282 16361 
2362 394 gi|70 17458 17551 
469 342 gi|70 17459 17537 
257 330 gi|70 17462 17529 
1721 271 gi|70 17467 17546 
467 317 gi|70 17468 17556 
371 328 gi|70 17469 17541 
1553 347 gi|70 17469 17528 
377 267 gi|70 17471 17529 
255 345 gi|70 17478 17529 
1081 269 gi|70 17479 17526 
1079 305 gi|70 17481 17577 
1231 426 gi|70 20722 21006 
1967 357 gi|70 20727 21007 
31 311 gi|70 20789 21013 
2037 333 gi|70 20801 21003 
1497 466 gi|70 20826 21018 
2203 427 gi|70 20896 21006 
1499 390 gi|70 20936 21138 
2339 417 gi|70 20938 21009 
1957 422 gi|70 20939 21006 
1661 367 gi|70 20949 21326 
2187 417 gi|70 20954 21005 
2177 452 gi|70 20956 21008 
2333 403 gi|70 20957 21004 
1113 395 gi|70 20958 21041 
2209 427 gi|70 20958 21021 
51 488 gi|70 20958 21013 
1243 440 gi|70 20958 21012 
2364 472 gi|70 20958 21007 
2345 462 gi|70 20958 21006 
1131 462 gi|70 20959 21034 
2337 443 gi|70 20959 21005 
2035 392 gi|70 20960 21011 
2257 304 gi|70 25999 26242 
2269 411 gi|70 30797 31997 
451 271 gi|70 31593 31672 
655 5860 gi|70 36125 38305 
599 252 gi|70 36280 36505 
657 311 gi|70 37685 37786 
659 316 gi|70 38012 38328 
1827 258 gi|70 38457 38563 
2017 315 gi|70 39438 39505 
1563 266 gi|71 570 1193 
2281 409 gi|71 682 1022 
1383 1639 gi|71 1407 2217 
2317 334 gi|71 1581 1682 
581 272 gi|71 2179 2305 
1865 284 gi|71 2186 2296 
2259 276 gi|71 5879 5999 
1997 318 gi|71 12626 13783 
2109 258 gi|71 13301 13617 
1491 450 gi|71 16641 17200 
77 257 gi|71 18889 18952 
241 256 gi|71 20491 20580 
1769 276 gi|71 23175 23658 
1381 1903 gi|71 26441 28134 
303 10465 gi|71 28340 29730 
2358 9833 gi|71 28351 29726 
1655 257 gi|71 36986 37225 
2315 284 gi|71 37118 37222 
739 870 gi|71 38934 39786 
1283 277 gi|72 1839 1935 
1339 253 gi|72 2759 2842 
2331 368 gi|72 3677 3771 
1975 397 gi|72 3695 3765 
1273 470 gi|72 3696 3765 
2031 426 gi|72 3699 3763 
1959 463 gi|72 3701 3785 
1133 433 gi|72 3710 3764 
2341 469 gi|72 3713 3767 
2175 408 gi|72 3715 3765 
1255 426 gi|72 3716 3795 
23 428 gi|72 3716 3775 
1123 371 gi|72 3716 3767 
2181 423 gi|72 3716 3765 
2365 472 gi|72 3716 3765 
1527 404 gi|72 3716 3763 
2343 425 gi|72 3717 3768 
49 397 gi|72 3717 3766 
1681 393 gi|72 3717 3763 
2197 419 gi|72 3717 3763 
2335 443 gi|72 3718 3764 
2033 393 gi|72 3720 3766 
1529 384 gi|72 3720 3765 
1685 385 gi|72 3720 3765 
2205 410 gi|72 3720 3765 
1377 742 gi|72 3756 3883 
2263 1154 gi|72 7706 8292 
577 421 gi|72 7706 8014 
2265 324 gi|72 7725 8301 
1189 311 gi|72 9668 11135 
1415 261 gi|72 12396 12524 
2353 313 gi|72 12758 13669 
2131 1350 gi|72 12766 13850 
2351 327 gi|72 12830 13806 
1851 868 gi|72 12867 13231 
2157 564 gi|72 12891 13857 
2319 368 gi|72 13040 13386 
2327 348 gi|72 13045 13833 
1367 277 gi|72 13090 13407 
99 294 gi|72 13094 13424 
555 260 gi|72 13913 14711 
1359 317 gi|72 13999 14471 
1543 259 gi|72 14007 14732 
1805 399 gi|72 14011 14751 
129 253 gi|72 14106 14557 
2241 274 gi|72 16095 16570 
2235 512 gi|72 18285 18996 
317 305 gi|72 18767 18908 
1915 255 gi|72 21078 21152 
89 917 gi|72 21297 21626 
2354 576 gi|72 24798 25692 
1099 451 gi|72 24970 25690 
2113 456 gi|72 25100 25641 
309 251 gi|72 25356 25724 
1819 373 gi|72 26011 26570 
2356 291 gi|72 27394 27511 
2213 300 gi|72 39730 39981 
571 251 gi|72 39731 39916 
2171 1085 gi|73 1368 2594 
2285 320 gi|73 3952 4769 
413 252 gi|73 8399 8526 
2243 829 gi|73 9537 10588 
1471 253 gi|73 9732 10322 
1311 314 gi|73 10617 11881 
1533 423 gi|73 10743 11865 
2121 273 gi|73 10857 11886 
1167 296 gi|73 12623 13372 
1707 404 gi|73 15380 15453 
1709 253 gi|73 15383 15982 
203 373 gi|73 15389 15465 
209 313 gi|73 15390 15504 
2053 679 gi|73 18977 19880 
1991 251 gi|73 24271 24442 
2115 270 gi|73 27239 27570 
1307 543 gi|73 32205 32370 
1737 284 gi|73 38178 38668 
2093 308 gi|73 38946 39724 
1207 294 gi|73 38952 39633 
1745 292 gi|73 38954 39651 
2013 267 gi|73 39305 39529 
751 256 gi|73 39305 39442 
2361 274 gi|74 3277 3471 
1169 1810 gi|74 9216 12085 
1355 254 gi|74 9733 10164 
2313 344 gi|74 10943 11968 
1483 273 gi|74 11329 11511 
2247 300 gi|74 11708 11965 
447 315 gi|74 11714 11806 
291 298 gi|74 11715 11907 
719 1481 gi|74 16650 17706 
787 256 gi|74 17023 17474 
721 1053 gi|74 20314 21723 
1789 493 gi|74 24432 25574 
1711 263 gi|74 25430 25551 
1793 292 gi|74 25699 26178 
1923 250 gi|74 32236 32286 
607 250 gi|74 39098 39168 
985 2929 gi|75 1 2598 
2055 277 gi|75 255 2614 
1565 1540 gi|75 1721 4913 
1595 939 gi|75 1972 4347 
1049 1535 gi|75 2557 4373 
1001 1044 gi|75 2588 4329 
961 1082 gi|75 2806 4440 
929 570 gi|75 2840 4336 
1583 1226 gi|75 2858 4336 
2145 745 gi|75 2868 3547 
891 757 gi|75 2870 4476 
841 1175 gi|75 2932 4333 
515 1447 gi|75 3162 4936 
419 251 gi|75 3180 3353 
1605 444 gi|75 3576 4448 
1869 253 gi|75 3790 3860 
1063 309 gi|75 4071 4338 
301 10020 gi|75 9269 10663 
2359 9833 gi|75 9281 10663 
2255 260 gi|75 10079 10166 
2237 2664 gi|75 11599 15088 
1987 271 gi|75 14232 14339 
2153 1029 gi|75 15472 16718 
1621 572 gi|75 15484 16806 
1027 6479 gi|75 17231 25562 
1581 2431 gi|75 17247 20644 
883 3223 gi|75 17276 24166 
879 595 gi|75 17277 17789 
947 2576 gi|75 17278 20605 
1591 1721 gi|75 17284 20391 
1017 2010 gi|75 17299 20687 
957 15171 gi|75 17307 33830 
997 1907 gi|75 17345 19286 
885 1858 gi|75 17352 20570 
853 295 gi|75 17359 17769 
1567 1521 gi|75 17368 19250 
829 2829 gi|75 17387 20410 
2143 785 gi|75 17407 18383 
1603 900 gi|75 17470 20654 
901 8285 gi|75 17529 24454 
981 407 gi|75 17690 18053 
497 1647 gi|75 17879 19192 
969 1990 gi|75 18331 21026 
863 1525 gi|75 18465 20636 
1039 2978 gi|75 18920 25562 
955 6429 gi|75 20534 26191 
909 2176 gi|75 21139 25772 
1611 255 gi|75 21171 21385 
949 2787 gi|75 21175 23771 
831 1169 gi|75 21546 23603 
851 1610 gi|75 21566 24178 
1007 265 gi|75 21591 22039 
535 267 gi|75 21607 21894 
1573 2363 gi|75 21811 25592 
1053 3473 gi|75 22119 25562 
545 289 gi|75 22140 22375 
2065 276 gi|75 22171 22355 
1585 1977 gi|75 22175 25562 
1593 1574 gi|75 22268 25613 
1617 315 gi|75 23768 24453 
933 502 gi|75 23945 25562 
2147 734 gi|75 23973 24634 
843 1532 gi|75 23989 25435 
495 1500 gi|75 24263 25562 
1609 642 gi|75 24794 25445 
889 440 gi|75 24795 25773 
873 474 gi|75 24796 25430 
977 298 gi|75 24889 25562 
1059 250 gi|75 25287 25772 
2063 322 gi|75 25297 25678 
2061 372 gi|75 26155 27170 
2057 480 gi|75 27484 28447 
987 6132 gi|75 28392 36358 
1021 4597 gi|75 28484 33887 
899 5637 gi|75 28509 32377 
971 372 gi|75 28681 28889 
881 2078 gi|75 28724 32076 
1035 3475 gi|75 28764 33866 
915 2530 gi|75 29002 32476 
1613 255 gi|75 29034 29248 
945 2192 gi|75 29038 31744 
835 792 gi|75 29409 31421 
857 1474 gi|75 29429 32057 
1009 265 gi|75 29454 29902 
537 267 gi|75 29470 29757 
1575 670 gi|75 29674 33518 
1051 1805 gi|75 29982 33498 
543 379 gi|75 30003 30309 
1569 291 gi|75 30055 30273 
1597 358 gi|75 30781 33503 
1619 272 gi|75 31166 31407 
1607 1632 gi|75 31704 33498 
2149 365 gi|75 31730 32364 
847 326 gi|75 31881 32158 
519 294 gi|75 32304 32366 
931 584 gi|75 32656 33498 
911 252 gi|75 32715 33531 
895 551 gi|75 32727 33497 
871 401 gi|75 32740 33517 
2059 855 gi|75 33275 36367 
1065 281 gi|75 33275 33497 
1015 1799 gi|75 36335 39961 
1579 3018 gi|75 36341 39984 
1043 3277 gi|75 36360 39960 
993 1545 gi|75 36374 38282 
2141 523 gi|75 36397 37361 
1589 2443 gi|75 36434 39973 
823 2254 gi|75 36438 39381 
1031 1433 gi|75 36472 39960 
1571 1831 gi|75 36510 38141 
919 1902 gi|75 36521 39991 
943 2855 gi|75 36523 39719 
499 1226 gi|75 36856 38129 
855 1951 gi|75 37294 39902 
903 2055 gi|75 37300 39969 
1601 1431 gi|75 37344 39999 
877 1472 gi|75 37358 39981 
979 317 gi|75 37439 37736 
1057 1946 gi|75 37822 39991 
973 1688 gi|75 37881 39969 
989 281 gi|75 38423 38537 
849 366 gi|75 39542 39990 
2151 431 gi|75 39549 39977 
1815 783 gi|76 1519 4428 
1909 562 gi|76 6141 6864 
2295 304 gi|76 6655 6959 
2307 339 gi|76 6684 6863 
2267 250 gi|76 8470 8556 
815 883 gi|76 8495 9808 
365 341 gi|76 8510 8993 
2245 640 gi|76 12620 13517 
1891 314 gi|76 12801 13003 
1889 331 gi|76 12839 13035 
1105 3441 gi|76 15544 17229 
1103 298 gi|76 16244 17154 
1213 270 gi|76 16600 17032 
1097 5026 gi|76 17405 19306 
2355 576 gi|76 18349 19255 
1107 373 gi|76 18359 19263 
2111 456 gi|76 18501 19246 
2273 252 gi|76 18650 18797 
311 251 gi|76 18667 19249 
683 310 gi|76 19657 19742 
373 311 gi|76 20469 20590 
1551 262 gi|76 20496 20587 
2363 394 gi|76 20510 20599 
1077 268 gi|76 20512 20589 
2283 275 gi|76 20512 20589 
465 392 gi|76 20522 20636 
259 304 gi|76 20533 20608 
473 270 gi|76 20534 20582 
2357 291 gi|76 21984 22104 
2289 350 gi|76 30060 30160 
113 391 gi|76 31011 32090 
167 373 gi|76 31043 32213 
2369 331 gi|76 31047 32197 
1899 538 gi|76 31616 32209 
121 250 gi|76 31745 32073 
789 278 gi|76 31960 32071 
75 371 gi|8 1 229 
626 457 gi|8 3 254 
628 1556 gi|8 8799 9479 
630 256 gi|8 34621 34714 
1 1489 gi|8 36787 38086 
153 269 gi|9 186 604 
423 253 gi|9 198 801 
361 547 gi|9 206 656 
199 255 gi|9 233 667 
364 341 gi|9 5200 5667 
366 365 gi|9 7583 7668 
