#  fam    ele   dir  sequence    start     end
     1      1  1       gi|1     1203     1274 
     1    291 -1      gi|32     7948     8019 
     2      2  1       gi|1     4862     6737 
     2    391  1      gi|42     6422     8300 
     3      3  1       gi|1     7093     8291 
     3    392  1      gi|42     8485     9683 
     4      4  1       gi|1    14810    14844 
     4     50  1      gi|12    15727    15762 
     4    482  1      gi|49    20917    20951 
     4     12  1       gi|1    35355    35389 
     5      5  1       gi|1    16662    17113 
     5    605  1      gi|58    11336    11778 
     6      6  1       gi|1    17682    18054 
     6    318 -1      gi|35    36944    37304 
     7      7  1       gi|1    20022    20152 
     7    387 -1      gi|41    12413    12555 
     8      8  1       gi|1    20653    20845 
     8    264 -1       gi|3    18904    19030 
     8    653 -1      gi|62    13810    14038 
     8    171  1      gi|23    13245    13469 
     8    617 -1       gi|6     7576     7685 
     9      9  1       gi|1    22288    22386 
     9     25 -1      gi|11      217     2231 
     9     53  1      gi|12    33613    34081 
     9    231  1      gi|27    32994    33069 
     9    232  1      gi|27    38058    38142 
     9    480  1      gi|49    15159    15663 
     9     21  1      gi|10    34628    34699 
    10     10  1       gi|1    25991    26126 
    10    173 -1      gi|23    17876    18011 
    11     11  1       gi|1    30055    30187 
    11     44  1      gi|12       84      303 
    11     27 -1      gi|11     7092     7338 
    11    479  1      gi|49    10028    10136 
    11     46  1      gi|12     5748     5910 
    11    230  1      gi|27    32684    32771 
    12     13  1       gi|1    37668    38363 
    12    714 -1      gi|67     9510    10196 
    13     14  1      gi|10     1295     2461 
    13    396  1      gi|42    26551    27477 
    13    716 -1      gi|67    28616    29779 
    14     15  1      gi|10     8807     8867 
    14    493  1       gi|5    32843    32924 
    15     16  1      gi|10     9416     9890 
    15    810 -1      gi|74     9035     9510 
    16     17  1      gi|10    23416    23558 
    16    755  1       gi|7    37336    37478 
    17     18  1      gi|10    30664    30708 
    17    762 -1      gi|70    12471    18687 
    17    730  1      gi|68    18480    24646 
    18     19  1      gi|10    32265    33650 
    18    257 -1      gi|29    29093    30447 
    18    514 -1      gi|51     4394     5776 
    19     22  1      gi|10    34998    35167 
    19    695  1      gi|65    34588    34747 
    20     23  1      gi|10    36067    36153 
    20    599 -1      gi|57    33022    33108 
    21     24  1      gi|10    39347    40145 
    21    644 -1      gi|61    34373    35416 
    21    795 -1      gi|72    10699    11716 
    21    602  1      gi|57    39161    40147 
    22     26  1      gi|11     1717     7026 
    22     45 -1      gi|12      305     5817 
    22     47 -1      gi|12     5912    10742 
    22     49 -1      gi|12    10910    15726 
    22     34  1      gi|11    22842    22917 
    22    481 -1      gi|49    15740    16003 
    22     48 -1      gi|12    10743    10908 
    23     28  1      gi|11    12924    13231 
    23    515  1      gi|51    12375    12673 
    24     29  1      gi|11    13705    14534 
    25     30  1      gi|11    16060    16386 
    25    122 -1      gi|19    28089    28421 
    26     31  1      gi|11    16580    16728 
    26     93  1      gi|17     4319     4471 
    27     32  1      gi|11    16812    17352 
    27     87  1      gi|15    35093    35631 
    28     33  1      gi|11    22029    22080 
    28    720  1      gi|68     4932     5422 
    28    250  1      gi|29    11987    12432 
    28    422  1      gi|45      880      937 
    29     35  1      gi|11    24045    24556 
    29    183  1      gi|24    10792    11303 
    30     36  1      gi|11    32845    33471 
    30    631  1      gi|60    28935    29203 
    31     37  1      gi|11    33776    34509 
    31    512  1      gi|51        2      750 
    31    813 -1      gi|74    18671    18823 
    31     39  1      gi|11    35866    36619 
    31     41  1      gi|11    37986    38249 
    32     38  1      gi|11    34553    35585 
    32    239  1      gi|28    22076    23158 
    32    559  1      gi|55    11457    12152 
    32     43  1      gi|11    39253    39759 
    33     40  1      gi|11    36948    37746 
    33    580 -1      gi|57     6099     6340 
    34     42  1      gi|11    38822    39476 
    35     51  1      gi|12    19767    21639 
    35    790  1      gi|72     3708     5601 
    35    495 -1       gi|5    38526    39262 
    36     52  1      gi|12    29436    29836 
    36    161  1      gi|22     9575    10791 
    36    381  1      gi|40    19734    20926 
    37     54  1      gi|13       25      274 
    37     90 -1      gi|16     1259     1508 
    38     55  1      gi|13     5521     6489 
    38    831  1      gi|75    16793    17761 
    39     56  1      gi|13    12609    12699 
    39    792  1      gi|72     6917     7016 
    40     57  1      gi|13    15604    15771 
    40    740  1      gi|69    22184    22357 
    41     58  1      gi|13    22390    22582 
    41    826 -1      gi|75    10518    10655 
    42     59  1      gi|13    22936    23020 
    42     96 -1      gi|17    14067    14810 
    42    535  1      gi|52    34974    35707 
    42    229 -1      gi|27    32422    32581 
    43     60  1      gi|13    24048    24165 
    44     61  1      gi|13    24180    24320 
    44    234 -1      gi|28    10206    10345 
    45     62  1      gi|13    27279    27427 
    45    509  1      gi|50    27744    27892 
    46     63  1      gi|13    28805    28961 
    46    540  1      gi|53     4998     5153 
    47     64  1      gi|13    38091    38508 
    47    395  1      gi|42    22874    23291 
    48     65  1      gi|13    39958    40012 
    48    484 -1       gi|5      415      462 
    49     66  1      gi|13    40074    40147 
    49    818  1      gi|74    31242    31315 
    50     67  1      gi|14    10272    10656 
    50    715  1      gi|67    20555    20933 
    51     68  1      gi|14    26138    26826 
    51    600 -1      gi|57    36801    37495 
    52     69  1      gi|14    30423    30691 
    52    496 -1      gi|50     1417     2750 
    52    419  1      gi|44    34738    34884 
    52    659 -1      gi|62    27318    27566 
    53     70  1      gi|14    30928    31499 
    53    178 -1      gi|23    23955    24487 
    54     71  1      gi|14    37188    37266 
    54    347 -1      gi|38    34652    34745 
    55     72  1      gi|15     4468     4884 
    55    360 -1       gi|4     2582     3125 
    55    779 -1      gi|71     3590     3778 
    55    218 -1      gi|26    37068    37445 
    56     73  1      gi|15    10767    11744 
    56    450  1      gi|47     1302     2270 
    57     74  1      gi|15    15465    16162 
    57    874  1       gi|5    11667    12321 
    57     75  1      gi|15    17374    18042 
    57    210  1      gi|26     2512     3174 
    57    211  1      gi|26     4372     5244 
    57    488  1       gi|5    13309    14199 
    57    548 -1      gi|54     5772     6521 
    58     76  1      gi|15    19843    20840 
    58    788 -1      gi|72      694     1681 
    58    108  1      gi|18    16572    16698 
    58    325 -1      gi|36    22786    23177 
    58    658 -1      gi|62    24030    24600 
    59     77  1      gi|15    21560    21858 
    59    842 -1      gi|75    39781    40079 
    60     78  1      gi|15    23948    24139 
    60    466  1      gi|47    29796    29986 
    61     79  1      gi|15    24326    25529 
    61    465  1      gi|47    28170    29361 
    62     80  1      gi|15    25897    26450 
    62    316 -1      gi|35    23497    24042 
    62    354  1      gi|39    12533    12977 
    62    634  1      gi|60    38386    38633 
    62    158 -1      gi|21    38189    38289 
    63     81  1      gi|15    27388    27703 
    63    221 -1      gi|27     3662     3862 
    63    584  1      gi|57     7989     8143 
    63    586 -1      gi|57    12197    12527 
    64     82  1      gi|15    28323    28457 
    64    585 -1      gi|57    11476    11680 
    65     83  1      gi|15    30841    30903 
    65    446  1      gi|46    34568    34642 
    65    116 -1      gi|19     8087     8148 
    66     84  1      gi|15    31143    32142 
    66    262  1       gi|3    10344    11328 
    66    803  1      gi|73    13593    14601 
    67     85  1      gi|15    32411    32619 
    67    305 -1      gi|33     4795     5000 
    68     86  1      gi|15    33514    34145 
    68    518  1      gi|51    18943    19011 
    68    816  1      gi|74    25897    26526 
    68    519  1      gi|51    19233    19553 
    69     88  1      gi|15    37018    37070 
    69    875  1      gi|63     8420     8471 
    69    878 -1      gi|69    32385    32441 
    70     89  1      gi|15    37679    39366 
    70    142 -1      gi|20    23072    24764 
    71     91  1      gi|16     1744     1913 
    71    319 -1      gi|35    39773    39942 
    72     92  1      gi|16    17624    17981 
    72    674  1      gi|63    37117    37439 
    72    707 -1      gi|66    31873    32098 
    73     94  1      gi|17    10921    11163 
    73    166 -1      gi|22    24501    24741 
    74     95  1      gi|17    13126    13223 
    74    353  1      gi|39     4496     4600 
    75     97  1      gi|17    16196    17088 
    75    522  1      gi|51    25590    26502 
    75    594  1      gi|57    28542    28726 
    75    595  1      gi|57    29004    29116 
    76     98  1      gi|17    17757    17932 
    76    109  1      gi|18    20665    20852 
    77     99  1      gi|17    18523    19634 
    77    623 -1      gi|60    12636    13749 
    78    100  1      gi|17    21232    21641 
    78    492  1       gi|5    22658    23078 
    78    215  1      gi|26    19139    19260 
    79    101  1      gi|17    25075    25974 
    79    342  1      gi|38     4440     5335 
    80    102  1      gi|17    29509    30445 
    80    376 -1      gi|40     1679     2691 
    80    588  1      gi|57    14030    14188 
    81    103  1      gi|17    32973    33287 
    81    879  1      gi|36     7498     7710 
    82    104  1      gi|17    34108    34170 
    82    692 -1      gi|65    29162    29229 
    83    105  1      gi|17    35716    36126 
    83    665 -1      gi|63    11692    12114 
    84    106  1      gi|17    36628    36728 
    84    664 -1      gi|63    11068    11169 
    85    110  1      gi|18    25801    27258 
    86    111  1      gi|18    31015    31573 
    86    147  1      gi|21     6629     7183 
    87    112  1      gi|18    32859    33039 
    87    507  1      gi|50    25593    25773 
    88    113  1      gi|18    39618    40081 
    88    820 -1      gi|74    34865    35316 
    89    114  1      gi|19     2090     2197 
    90    115  1      gi|19     2343     2450 
    91    117  1      gi|19    13971    14142 
    91    144  1      gi|20    33858    34065 
    91    819  1      gi|74    33316    33531 
    92    118  1      gi|19    18009    18789 
    92    374 -1       gi|4    37010    37753 
    92    351 -1      gi|39     3690     4324 
    92    578 -1      gi|56    38538    38858 
    92    352 -1      gi|39     4177     4475 
    92    823  1      gi|75     5133     5403 
    93    119  1      gi|19    21669    23094 
    93    279  1      gi|31     7565     8951 
    93    383 -1      gi|40    32823    34243 
    94    120  1      gi|19    24871    26413 
    94    785 -1      gi|71    24292    25833 
    95    121  1      gi|19    26623    27845 
    95    311  1      gi|34    33389    34620 
    96    123  1      gi|19    32678    32745 
    96    469  1      gi|48     2520     2577 
    97    124  1      gi|19    38339    39003 
    97    131  1       gi|2    19646    20301 
    98    125  1       gi|2      421      606 
    98    223 -1      gi|27    10010    10196 
    99    126  1       gi|2     1364     1566 
    99    273 -1      gi|30    35794    35888 
    99    770 -1      gi|70    28898    29103 
   100    127  1       gi|2     1958     2258 
   100    272 -1      gi|30    35038    35302 
   100    769 -1      gi|70    28164    28413 
   101    128  1       gi|2     4409     5397 
   101    702  1      gi|66     9430    10428 
   102    129  1       gi|2    17464    17622 
   102    647  1      gi|62     2899     3053 
   103    130  1       gi|2    18037    18160 
   103    880  1      gi|36    28902    29108 
   103    686 -1      gi|65     3110     3328 
   103    329  1      gi|36    28734    28798 
   104    132  1       gi|2    24079    24203 
   104    754 -1       gi|7    34269    34399 
   105    133  1       gi|2    24305    24453 
   105    292 -1      gi|32     8109     8255 
   106    134  1       gi|2    28484    28698 
   106    212 -1      gi|26     6159     6391 
   107    135  1       gi|2    30030    30311 
   107    667 -1      gi|63    14636    14904 
   108    136  1       gi|2    31477    31927 
   108    666 -1      gi|63    13153    13605 
   109    137  1       gi|2    32215    32591 
   109    853 -1       gi|8    24915    25292 
   110    138  1       gi|2    33407    34010 
   110    852 -1       gi|8    24305    24907 
   111    139  1       gi|2    34305    35280 
   111    851 -1       gi|8    23343    24324 
   112    140  1       gi|2    36429    36851 
   112    850 -1       gi|8    22930    23352 
   113    141  1       gi|2    37105    37977 
   113    849 -1       gi|8    22053    22928 
   114    143  1      gi|20    33778    33882 
   114    359  1      gi|39    30017    30947 
   114    236 -1      gi|28    11821    11902 
   114    632  1      gi|60    31692    32578 
   114    633 -1      gi|60    33766    34740 
   115    145  1      gi|21     2891     2986 
   115    162 -1      gi|22    10798    10895 
   115    382 -1      gi|40    21017    21094 
   116    146  1      gi|21     4693     5232 
   116    437 -1      gi|45    29449    29985 
   117    148  1      gi|21     8873     9129 
   117    170  1      gi|23    11843    12102 
   118    149  1      gi|21    12888    13074 
   118    208  1      gi|25    36017    36145 
   119    150  1      gi|21    14975    16290 
   119    513  1      gi|51     2973     4264 
   120    151  1      gi|21    19402    22702 
   120    750  1       gi|7    12280    15555 
   121    152  1      gi|21    28682    29187 
   121    405  1      gi|43     6862     7368 
   122    153  1      gi|21    31684    31901 
   122    366  1       gi|4    14685    14900 
   123    154  1      gi|21    32181    33375 
   123    367  1       gi|4    15173    16298 
   123    582 -1      gi|57     7636     7747 
   123    655  1      gi|62    20027    20814 
   124    155  1      gi|21    33536    33627 
   124    656  1      gi|62    20988    21079 
   125    156  1      gi|21    34039    34099 
   125    368  1       gi|4    17032    17092 
   126    157  1      gi|21    34571    35186 
   126    369  1       gi|4    17458    18113 
   126    657  1      gi|62    21901    22445 
   127    159  1      gi|22     2565     2814 
   127    375  1       gi|4    39679    39928 
   128    160  1      gi|22     6709     7374 
   128    451  1      gi|47     2285     2941 
   129    163  1      gi|22    14121    14399 
   129    176 -1      gi|23    21605    21866 
   130    164  1      gi|22    17303    17604 
   130    334  1      gi|36    37134    37430 
   131    165  1      gi|22    20419    22747 
   131    718 -1      gi|67    36159    38488 
   132    167  1      gi|22    32226    32430 
   133    168  1      gi|23     3910     3995 
   133    776  1      gi|70    38345    38430 
   134    169  1      gi|23     4274     4740 
   134    777  1      gi|70    38743    39187 
   135    172  1      gi|23    13508    14303 
   135    233 -1      gi|28     8681     9476 
   136    174  1      gi|23    18280    18328 
   136    805  1      gi|73    37293    37335 
   137    175  1      gi|23    21404    21727 
   137    627  1      gi|60    20775    21092 
   138    179  1      gi|23    24925    25034 
   138    322  1      gi|36     7746     9269 
   138    873  1      gi|53     8610     8905 
   138    417 -1      gi|44    32186    32938 
   138    418 -1      gi|44    34008    34316 
   138    420 -1      gi|44    34815    35034 
   138    554  1      gi|55     6007     6791 
   139    180  1      gi|23    26866    27271 
   139    882 -1      gi|31    18918    19336 
   139    314 -1      gi|35     8728     9096 
   139    840 -1      gi|75    36363    36782 
   139    894  1      gi|75    13523    13709 
   139    326  1      gi|36    25242    25780 
   139    252 -1      gi|29    14974    15343 
   139    313 -1      gi|35     8377     8864 
   140    181  1      gi|23    28739    28975 
   140    838 -1      gi|75    34285    34490 
   141    182  1      gi|23    38485    39148 
   141    772  1      gi|70    31599    32239 
   142    184  1      gi|24    29444    29838 
   143    185  1      gi|24    30264    31206 
   143    200  1      gi|25    17650    20339 
   143    186  1      gi|24    31361    31736 
   144    187  1      gi|24    31604    32988 
   145    188  1      gi|24    33701    34361 
   145    572 -1      gi|55    38682    39262 
   146    189  1      gi|24    37924    38039 
   146    689  1      gi|65    14880    15002 
   147    190  1      gi|25       15     1827 
   147    885 -1      gi|55    18420    20777 
   147    197  1      gi|25    11066    12607 
   147    204  1      gi|25    25770    26256 
   147    402  1      gi|42    39202    40138 
   148    191  1      gi|25     2650     4930 
   149    192  1      gi|25     5258     5329 
   149    573 -1      gi|55    39539    39610 
   150    193  1      gi|25     5625     5848 
   150    567 -1      gi|55    29186    31553 
   150    194  1      gi|25     5974     6361 
   150    198  1      gi|25    13466    13968 
   150    612 -1      gi|59    31161    31253 
   151    195  1      gi|25     6434     9462 
   151    401  1      gi|42    34557    38888 
   151    571 -1      gi|55    37069    38330 
   151    883 -1      gi|55    35331    36850 
   151    564 -1      gi|55    21011    21123 
   152    196  1      gi|25     9833    10823 
   153    199  1      gi|25    14239    17219 
   154    201  1      gi|25    20647    21644 
   155    202  1      gi|25    21351    23744 
   156    203  1      gi|25    23952    24925 
   157    205  1      gi|25    26574    28034 
   157    565 -1      gi|55    21479    23835 
   158    206  1      gi|25    28886    29443 
   159    207  1      gi|25    29459    29935 
   159    561 -1      gi|55    16472    16949 
   160    209  1      gi|25    39762    40145 
   160    824 -1      gi|75     5465     6242 
   160    258 -1      gi|29    31887    32083 
   160    259 -1      gi|29    35856    36694 
   160    427 -1      gi|45     6588     6731 
   161    214  1      gi|26    16634    17084 
   161    618  1       gi|6    15984    16434 
   162    216  1      gi|26    27584    27667 
   162    452  1      gi|47     8528     8696 
   162    709 -1      gi|67     1271     1452 
   163    217  1      gi|26    33711    34195 
   163    443 -1      gi|46    20390    20850 
   164    219  1      gi|27        1      254 
   164    274  1      gi|30    37064    37319 
   165    220  1      gi|27     1961     2304 
   165    276 -1      gi|31     4602     4947 
   166    222  1      gi|27     4515     5943 
   166    439 -1      gi|45    36499    37988 
   166    783  1      gi|71    15566    16199 
   167    224  1      gi|27    16715    16845 
   167    526  1      gi|52     8663     8793 
   168    225  1      gi|27    22885    22947 
   168    362 -1       gi|4     8791     8859 
   169    226  1      gi|27    26431    26820 
   169    556  1      gi|55     8905     9445 
   169    379 -1      gi|40    18531    19087 
   170    227  1      gi|27    27504    27755 
   170    557  1      gi|55     9956    10365 
   170    378 -1      gi|40    17650    18065 
   171    228  1      gi|27    29589    30550 
   171    681 -1      gi|64    34220    35187 
   171    467  1      gi|47    30133    31024 
   172    235  1      gi|28    11484    11744 
   172    837 -1      gi|75    32488    33268 
   172    801  1      gi|72    37250    38048 
   173    237  1      gi|28    13897    15170 
   173    620  1       gi|6    27233    28509 
   174    240  1      gi|28    28656    29326 
   174    294  1      gi|32    10272    10941 
   174    859 -1       gi|8    37092    37344 
   175    241  1      gi|28    30322    31403 
   175    841 -1      gi|75    38116    39202 
   176    242  1      gi|28    33268    33692 
   176    293  1      gi|32     9662    10088 
   177    243  1      gi|28    38036    38542 
   177    475  1      gi|48    35774    36285 
   178    244  1      gi|29        1      508 
   178    464 -1      gi|47    22973    23477 
   179    245  1      gi|29     1001     1089 
   179    462 -1      gi|47    21963    22050 
   180    246  1      gi|29     1076     1516 
   180    425  1      gi|45     4487     4604 
   180    460 -1      gi|47    21471    21849 
   181    247  1      gi|29     1581     1709 
   181    434  1      gi|45    21989    22078 
   182    248  1      gi|29     3791     4287 
   182    537 -1      gi|52    38307    38803 
   183    249  1      gi|29    11139    11336 
   183    536 -1      gi|52    36115    36312 
   184    251  1      gi|29    14629    14751 
   184    839  1      gi|75    36066    36189 
   185    253  1      gi|29    18404    18880 
   185    268 -1      gi|30    14135    14606 
   186    254  1      gi|29    25991    26104 
   186    727  1      gi|68    15205    15706 
   186    532 -1      gi|52    32815    33315 
   186    767 -1      gi|70    22424    22722 
   187    255  1      gi|29    26849    27020 
   187    271  1      gi|30    32791    32957 
   187    499 -1      gi|50     6766     6883 
   188    256  1      gi|29    27093    28294 
   188    498  1      gi|50     5510     6682 
   189    260  1      gi|29    36844    36893 
   189    428  1      gi|45     7713     7762 
   190    261  1      gi|29    36931    37038 
   190    429  1      gi|45     7948     8050 
   191    263  1       gi|3    18628    18704 
   191    652  1      gi|62    13507    13583 
   192    265  1      gi|30     8097     8160 
   192    426  1      gi|45     4658     4721 
   193    266  1      gi|30     9777    10447 
   193    335 -1      gi|36    38871    39539 
   194    267  1      gi|30    13685    14083 
   194    287  1      gi|31    32544    32949 
   195    269  1      gi|30    19169    19335 
   195    722 -1      gi|68     5846     6013 
   196    270  1      gi|30    19327    19446 
   196    721 -1      gi|68     5616     5744 
   197    275  1      gi|31     1242     1730 
   197    436 -1      gi|45    23540    24031 
   198    277  1      gi|31     5102     6009 
   198    298  1      gi|32    14637    15561 
   199    278  1      gi|31     6361     6572 
   199    654  1      gi|62    15703    15914 
   200    280  1      gi|31     9632     9782 
   200    646  1      gi|62     2571     2724 
   201    281  1      gi|31    11067    11725 
   201    438 -1      gi|45    35159    35328 
   201    504 -1      gi|50    15953    16649 
   202    282  1      gi|31    12805    13371 
   203    283  1      gi|31    16748    16993 
   203    312  1      gi|35     6611     6819 
   203    327 -1      gi|36    26962    27055 
   204    285  1      gi|31    19596    20084 
   205    286  1      gi|31    25899    27922 
   205    771  1      gi|70    29363    31433 
   206    288  1      gi|31    36920    37252 
   206    589  1      gi|57    15938    16295 
   206    590  1      gi|57    19446    19703 
   207    289  1      gi|32     2258     2355 
   207    856 -1       gi|8    35106    35208 
   208    290  1      gi|32     6015     6093 
   208    699 -1      gi|66     2836     2914 
   209    295  1      gi|32    10899    11067 
   209    858 -1       gi|8    36919    37091 
   210    296  1      gi|32    13959    14352 
   210    338  1      gi|37    13733    14120 
   211    297  1      gi|32    14404    14530 
   211    857 -1       gi|8    36221    36349 
   212    299  1      gi|32    15994    17907 
   212    741  1      gi|69    22371    24290 
   213    300  1      gi|32    21675    22091 
   213    742  1      gi|69    24204    24625 
   214    301  1      gi|32    22182    22649 
   214    743  1      gi|69    25159    25717 
   214    734  1      gi|68    29010    29343 
   215    302  1      gi|32    24726    26737 
   215    744  1      gi|69    27856    29864 
   215    725 -1      gi|68    11385    12137 
   216    303  1      gi|32    35547    35586 
   216    435  1      gi|45    22612    22650 
   217    304  1      gi|32    38184    38240 
   217    415 -1      gi|44    26473    26533 
   218    306  1      gi|33    29486    29697 
   218    516 -1      gi|51    13583    13797 
   219    307  1      gi|33    29997    30239 
   220    308  1      gi|34     7279     7915 
   220    478 -1      gi|49     3302     3938 
   221    309  1      gi|34    13901    14091 
   221    510  1      gi|50    37251    37445 
   222    310  1      gi|34    16869    17167 
   222    339 -1      gi|37    17235    17531 
   223    315  1      gi|35    10552    10629 
   223    511  1      gi|50    39498    39569 
   224    317  1      gi|35    30191    30337 
   224    324 -1      gi|36    19235    19911 
   224    682 -1      gi|64    35801    36753 
   224    669 -1      gi|63    21062    22014 
   225    320  1      gi|36        9      516 
   225    400 -1      gi|42    33494    34232 
   225    884  1      gi|55    18383    18420 
   226    323  1      gi|36     9533     9817 
   226    555  1      gi|55     7064     7360 
   227    328  1      gi|36    27268    28530 
   227    551  1      gi|54    31936    33202 
   227    892  1      gi|52    31059    32297 
   227    806 -1      gi|73    37333    38508 
   227    893  1      gi|68     9381    10634 
   227    421  1      gi|45      454      552 
   228    331  1      gi|36    31628    31863 
   228    592 -1      gi|57    21452    22620 
   228    494  1       gi|5    37378    38566 
   229    332  1      gi|36    32795    33003 
   229    529 -1      gi|52    11534    11745 
   230    333  1      gi|36    33080    33449 
   230    789 -1      gi|72     3020     3957 
   230    591 -1      gi|57    20131    21117 
   230    825 -1      gi|75     6900     7603 
   230    836 -1      gi|75    29515    30419 
   231    336  1      gi|37     4486     4660 
   231    527 -1      gi|52     9073     9247 
   232    337  1      gi|37     6789     6925 
   232    860 -1       gi|8    37343    37490 
   233    340  1      gi|37    34425    34574 
   233    763  1      gi|70    19130    19268 
   234    341  1      gi|38     2912     4049 
   234    476  1      gi|48    37457    38624 
   235    343  1      gi|38     5297     5544 
   235    521 -1      gi|51    24448    24719 
   236    344  1      gi|38    11932    12009 
   236    577 -1      gi|56    31730    31831 
   236    346  1      gi|38    15889    15981 
   237    345  1      gi|38    12206    13538 
   237    442  1      gi|46    17771    19089 
   238    348  1      gi|38    36900    37099 
   238    454 -1      gi|47    10835    11034 
   239    349  1      gi|38    37470    37695 
   239    453 -1      gi|47    10239    10464 
   240    350  1      gi|39     1439     2667 
   241    355  1      gi|39    14426    14626 
   241    364 -1       gi|4     9497     9709 
   242    356  1      gi|39    15008    15173 
   242    886  1      gi|26    13506    13673 
   242    363 -1       gi|4     8866     8985 
   242    887 -1      gi|73     4695     4779 
   243    357  1      gi|39    28276    28348 
   243    624  1      gi|60    17508    17608 
   243    398 -1      gi|42    28461    28531 
   244    358  1      gi|39    28895    29119 
   244    397 -1      gi|42    27678    27925 
   244    626  1      gi|60    18096    18370 
   244    407 -1      gi|43    16136    16346 
   245    361  1       gi|4     3192     4522 
   246    365  1       gi|4    12645    13288 
   246    791  1      gi|72     6300     6934 
   246    629  1      gi|60    24593    24646 
   247    370  1       gi|4    18405    19120 
   247    865  1       gi|9    34847    35567 
   248    371  1       gi|4    28225    29373 
   249    372  1       gi|4    33200    33613 
   249    489  1       gi|5    16931    18236 
   249    663  1      gi|63     9569    10881 
   250    373  1       gi|4    33545    34486 
   250    684 -1      gi|64    39201    40142 
   250    473 -1      gi|48    31433    32269 
   251    377  1      gi|40     3173     3419 
   251    637 -1      gi|61    11357    11603 
   252    380  1      gi|40    19194    19462 
   252    812 -1      gi|74    13602    13871 
   253    384  1      gi|40    35767    36065 
   253    606  1      gi|58    15090    15406 
   254    385  1      gi|41      170      623 
   254    604 -1      gi|58     9538    10485 
   254    786 -1      gi|71    31688    32641 
   255    386  1      gi|41     4738     5412 
   256    388  1      gi|41    24306    24427 
   256    474  1      gi|48    33107    33228 
   257    389  1      gi|41    36330    36890 
   257    705  1      gi|66    21750    22400 
   258    390  1      gi|42     2543     2646 
   258    807  1      gi|74     5449     5549 
   259    393  1      gi|42    11839    13235 
   259    621  1       gi|6    31290    32729 
   260    394  1      gi|42    19628    20429 
   260    679  1      gi|64    12228    13028 
   260    680  1      gi|64    19565    20050 
   260    409 -1      gi|43    23323    24122 
   261    399  1      gi|42    29148    30324 
   261    546  1      gi|54        8      443 
   261    696  1      gi|65    35352    35540 
   262    403  1      gi|43     1965     2516 
   262    471 -1      gi|48     9780    10531 
   262    472 -1      gi|48    17651    18332 
   262    688 -1      gi|65    13212    13865 
   263    404  1      gi|43     4763     5187 
   263    827 -1      gi|75    11263    11684 
   264    406  1      gi|43    12967    13505 
   265    408  1      gi|43    17123    17313 
   265    566 -1      gi|55    24567    28816 
   266    410  1      gi|43    24485    25060 
   266    675 -1      gi|64     1340     1909 
   267    411  1      gi|44     3739     6930 
   267    642 -1      gi|61    29869    33079 
   267    796  1      gi|72    19920    20329 
   267    797  1      gi|72    20241    20482 
   268    412  1      gi|44    11145    13975 
   268    524  1      gi|52      960     3781 
   269    413  1      gi|44    14866    15851 
   269    456 -1      gi|47    14085    14732 
   269    457 -1      gi|47    14772    14995 
   269    458 -1      gi|47    15211    16194 
   270    414  1      gi|44    17178    17320 
   270    759 -1      gi|70     5691     9399 
   270    735  1      gi|68    29437    33146 
   271    416  1      gi|44    30705    30786 
   271    545  1      gi|53    39277    39362 
   272    423  1      gi|45     1224     2180 
   272    847  1       gi|8    11884    12876 
   272    449  1      gi|46    38125    38983 
   272    525 -1      gi|52     7241     7735 
   273    424  1      gi|45     3653     3750 
   273    463 -1      gi|47    22872    22979 
   274    430  1      gi|45     9476    10198 
   274    668 -1      gi|63    16601    17334 
   275    431  1      gi|45    10775    10904 
   275    687  1      gi|65     3272     3420 
   276    432  1      gi|45    14299    14707 
   276    598 -1      gi|57    32193    32606 
   277    433  1      gi|45    15122    15509 
   277    597 -1      gi|57    31412    31807 
   278    440  1      gi|46     5676     7414 
   278    864  1       gi|9    26599    28334 
   279    441  1      gi|46    15280    16099 
   279    477  1      gi|49     1469     2288 
   280    444  1      gi|46    23479    23607 
   280    619 -1       gi|6    19635    19767 
   281    445  1      gi|46    31080    31939 
   281    639 -1      gi|61    18405    19263 
   282    447  1      gi|46    35323    35784 
   282    638 -1      gi|61    17064    17534 
   283    448  1      gi|46    36144    36940 
   283    640 -1      gi|61    19368    20160 
   284    459  1      gi|47    20820    20921 
   284    538  1      gi|52    39640    39774 
   285    461  1      gi|47    21839    21910 
   285    747 -1      gi|69    34387    34456 
   286    468  1      gi|47    35022    35657 
   286    717 -1      gi|67    33985    34590 
   287    470  1      gi|48     6255     6838 
   288    483  1       gi|5       45      266 
   288    502 -1      gi|50    11024    11721 
   288    713  1      gi|67     6962     7656 
   289    485  1       gi|5     1409     2055 
   290    486  1       gi|5     9830    10012 
   290    601  1      gi|57    38000    38613 
   290    811  1      gi|74    12329    12972 
   291    490  1       gi|5    21909    22089 
   291    748 -1       gi|7     3376     3556 
   292    491  1       gi|5    22253    22408 
   292    835 -1      gi|75    22090    22251 
   292    706 -1      gi|66    31400    31562 
   293    497  1      gi|50     4011     4309 
   293    575  1      gi|56    11894    12198 
   294    500  1      gi|50     7865     8347 
   294    711 -1      gi|67     5614     6099 
   295    501  1      gi|50     9134    10572 
   295    710 -1      gi|67     3202     4690 
   296    503  1      gi|50    12256    12380 
   296    712 -1      gi|67     6332     6457 
   297    505  1      gi|50    21697    22818 
   297    697  1      gi|65    35728    36433 
   297    866  1       gi|9    39423    40122 
   298    506  1      gi|50    23669    24462 
   298    630  1      gi|60    25456    26119 
   298    698  1      gi|65    36582    37355 
   299    508  1      gi|50    25842    26402 
   299    677  1      gi|64     5716     6278 
   299    854  1       gi|8    26731    26815 
   300    517  1      gi|51    14180    15130 
   300    817  1      gi|74    26763    27704 
   301    520  1      gi|51    22435    22763 
   301    552  1      gi|54    36131    36461 
   302    523  1      gi|51    27115    27304 
   302    596  1      gi|57    29729    29918 
   303    528  1      gi|52    11173    11363 
   303    541  1      gi|53     7768     8467 
   304    530  1      gi|52    14623    15492 
   304    603 -1      gi|58     8057     8938 
   305    533  1      gi|52    33430    33766 
   305    726 -1      gi|68    14893    15125 
   305    768  1      gi|70    22983    23312 
   306    534  1      gi|52    34366    34808 
   306    848  1       gi|8    16784    17285 
   306    672  1      gi|63    28467    28950 
   307    539  1      gi|53        6     1090 
   307    643 -1      gi|61    33512    34608 
   307    793 -1      gi|72     9861    10196 
   307    794 -1      gi|72    10382    10925 
   308    543  1      gi|53    12535    13872 
   308    815 -1      gi|74    23160    24476 
   309    544  1      gi|53    25048    26110 
   309    587 -1      gi|57    13150    13640 
   310    547  1      gi|54     3118     3228 
   310    804  1      gi|73    29588    29825 
   310    549 -1      gi|54     8215     8456 
   311    550  1      gi|54    19880    19983 
   311    622  1       gi|6    36556    36661 
   312    553  1      gi|55       62     1449 
   312    787  1      gi|71    35621    37022 
   313    558  1      gi|55    10830    11124 
   313    719  1      gi|68     2681     2978 
   314    560  1      gi|55    14619    15043 
   315    562  1      gi|55    17021    17540 
   316    568  1      gi|55    32303    33881 
   317    569  1      gi|55    33973    34599 
   318    574  1      gi|56     9666    10089 
   318    607 -1      gi|58    25500    25926 
   319    576  1      gi|56    29796    31033 
   319    609 -1      gi|58    39840    40135 
   319    685 -1      gi|65        1      918 
   319    608 -1      gi|58    38487    39691 
   320    579  1      gi|57     4583     5533 
   321    581  1      gi|57     7089     7273 
   321    703 -1      gi|66    11675    12180 
   322    583  1      gi|57     7934     8035 
   322    749 -1       gi|7     5980     6081 
   323    593  1      gi|57    23249    23623 
   323    628 -1      gi|60    23908    24288 
   324    610  1      gi|59     5184     5885 
   324    645 -1      gi|62     1207     1902 
   325    611  1      gi|59    29731    30435 
   326    613  1      gi|59    31618    31941 
   326    846  1       gi|8     8712    10166 
   326    616  1      gi|59    36412    38185 
   326    843  1       gi|8        1     1699 
   326    845  1       gi|8     6220     7010 
   326    614  1      gi|59    32304    32896 
   327    615  1      gi|59    33307    33812 
   327    844  1       gi|8     1609     2114 
   328    625  1      gi|60    17827    17929 
   328    701 -1      gi|66     6633     6729 
   329    635  1      gi|61      684      802 
   329    649  1      gi|62     8332     8700 
   329    691 -1      gi|65    16630    17004 
   330    636  1      gi|61     1605     1676 
   330    650  1      gi|62     9171     9292 
   331    648  1      gi|62     5409     5604 
   331    751 -1       gi|7    16721    16928 
   332    651  1      gi|62     9467     9575 
   332    690 -1      gi|65    15691    15793 
   333    660  1      gi|62    32994    34351 
   334    661  1      gi|62    37824    38018 
   334    889 -1      gi|47    13744    13928 
   334    694  1      gi|65    32120    32308 
   334    890  1      gi|28    17796    17907 
   335    670  1      gi|63    22417    22718 
   335    833  1      gi|75    20097    20398 
   336    671  1      gi|63    22972    23039 
   336    834  1      gi|75    20578    20784 
   336    683  1      gi|64    37610    37818 
   337    673  1      gi|63    30671    30717 
   337    773  1      gi|70    32571    32613 
   338    676  1      gi|64     4925     5194 
   338    753  1       gi|7    24186    24474 
   339    678  1      gi|64    10090    10539 
   339    708  1      gi|66    34392    34874 
   340    693  1      gi|65    31345    32074 
   341    700  1      gi|66     5896     6260 
   341    781 -1      gi|71    11839    12626 
   341    822  1      gi|75     2858     3575 
   342    704  1      gi|66    14141    14386 
   342    863  1       gi|9    23523    23768 
   343    723  1      gi|68     8316     9130 
   343    782 -1      gi|71    14093    14911 
   344    728  1      gi|68    16148    16521 
   344    765 -1      gi|70    21507    21873 
   345    729  1      gi|68    16658    18508 
   345    764 -1      gi|70    19618    21424 
   346    731  1      gi|68    25275    25549 
   346    761 -1      gi|70    11316    11638 
   347    732  1      gi|68    27738    28421 
   347    760 -1      gi|70     9456    10137 
   348    733  1      gi|68    28469    28873 
   349    736  1      gi|68    33499    34656 
   349    758 -1      gi|70     4466     5655 
   350    737  1      gi|68    34877    35442 
   350    757 -1      gi|70     3832     4384 
   351    738  1      gi|68    37213    39971 
   351    756 -1      gi|70      965     3731 
   352    739  1      gi|69    16653    16900 
   352    766  1      gi|70    22146    22388 
   353    745  1      gi|69    30352    30667 
   353    855 -1       gi|8    33902    34226 
   354    752  1       gi|7    18042    19579 
   354    780  1      gi|71     9640    11129 
   355    774  1      gi|70    33123    34096 
   355    828  1      gi|75    11769    12730 
   356    775  1      gi|70    34499    34554 
   356    829  1      gi|75    13264    13319 
   357    778  1      gi|71        7      749 
   358    784  1      gi|71    23453    24288 
   358    821 -1      gi|75      390     1207 
   359    798  1      gi|72    26486    26873 
   359    809 -1      gi|74     7504     7876 
   359    800  1      gi|72    28771    29091 
   360    799  1      gi|72    27178    27828 
   360    808 -1      gi|74     6534     7175 
   361    814  1      gi|74    19599    19939 
   362    832  1      gi|75    18824    19707 
   363    861  1       gi|8    39842    40147 
   363    877 -1      gi|69    31659    32384 
   363    876  1      gi|63     8473     9181 
   364    862  1       gi|9      433      593 
   365    867  1      gi|10    33771    34063 
   365    870 -1      gi|23    22700    22995 
   365    871 -1      gi|61    24391    24686 
   365    872 -1      gi|17    38093    38380 
   366    868  1      gi|10    34065    34100 
   366    869 -1      gi|23    22664    22699 
   367    881  1      gi|31    18625    18916 
   367    895 -1      gi|75    13719    13995 
   368    888  1      gi|47    13677    13742 
   368    891 -1      gi|28    17933    17980 
