1 gi|1 1203 1274
2 gi|1 4862 6737
3 gi|1 7093 8291
4 gi|1 14810 14845
5 gi|1 16662 17113
6 gi|1 17682 18054
7 gi|1 20022 20152
8 gi|1 20653 20848
9 gi|1 22288 22392
10 gi|1 25991 26126
11 gi|1 30055 30187
12 gi|1 35355 35390
13 gi|1 37668 38363
14 gi|10 1295 2461
15 gi|10 8807 8867
16 gi|10 9416 9890
17 gi|10 23416 23558
18 gi|10 30664 30708
19 gi|10 32265 33653
20 gi|10 33765 34100
21 gi|10 34628 34699
22 gi|10 34998 35167
23 gi|10 36067 36153
24 gi|10 39347 40146
25 gi|11 217 2231
26 gi|11 1717 7026
27 gi|11 7092 7338
28 gi|11 12924 13231
29 gi|11 13705 14534
30 gi|11 16060 16386
31 gi|11 16580 16728
32 gi|11 16812 17352
33 gi|11 22029 22080
34 gi|11 22842 22917
35 gi|11 24045 24556
36 gi|11 32845 33471
37 gi|11 33776 34509
38 gi|11 34550 35585
39 gi|11 35866 36619
40 gi|11 36948 37746
41 gi|11 37986 38249
42 gi|11 38822 39476
43 gi|11 39253 39759
44 gi|12 84 303
45 gi|12 305 5817
46 gi|12 5748 5910
47 gi|12 5912 10742
48 gi|12 10741 10908
49 gi|12 10910 15726
50 gi|12 15727 15763
51 gi|12 19767 21639
52 gi|12 29436 29836
53 gi|12 33613 34081
54 gi|13 25 274
55 gi|13 5521 6489
56 gi|13 12609 12699
57 gi|13 15604 15771
58 gi|13 22390 22584
59 gi|13 22936 23020
60 gi|13 24048 24165
61 gi|13 24180 24320
62 gi|13 27279 27427
63 gi|13 28805 28961
64 gi|13 38091 38508
65 gi|13 39958 40012
66 gi|13 40074 40147
67 gi|14 10272 10656
68 gi|14 26138 26826
69 gi|14 30414 30691
70 gi|14 30928 31499
71 gi|14 37188 37266
72 gi|15 4468 4884
73 gi|15 10767 11744
74 gi|15 15465 16162
75 gi|15 17371 18042
76 gi|15 19843 20840
77 gi|15 21560 21858
78 gi|15 23948 24139
79 gi|15 24326 25529
80 gi|15 25897 26452
81 gi|15 27388 27703
82 gi|15 28323 28457
83 gi|15 30841 30903
84 gi|15 31143 32142
85 gi|15 32411 32619
86 gi|15 33514 34145
87 gi|15 35093 35631
88 gi|15 37018 37071
89 gi|15 37679 39366
90 gi|16 1259 1508
91 gi|16 1744 1913
92 gi|16 17624 17981
93 gi|17 4319 4471
94 gi|17 10921 11163
95 gi|17 13126 13223
96 gi|17 14067 14810
97 gi|17 16196 17088
98 gi|17 17757 17932
99 gi|17 18523 19634
100 gi|17 21232 21641
101 gi|17 25075 25974
102 gi|17 29509 30445
103 gi|17 32967 33287
104 gi|17 34108 34170
105 gi|17 35716 36126
106 gi|17 36628 36728
107 gi|17 38093 38406
108 gi|18 16569 16698
109 gi|18 20661 20852
110 gi|18 25801 27258
111 gi|18 31015 31573
112 gi|18 32859 33039
113 gi|18 39618 40081
114 gi|19 2090 2197
115 gi|19 2343 2450
116 gi|19 8087 8148
117 gi|19 13971 14143
118 gi|19 18009 18789
119 gi|19 21669 23094
120 gi|19 24871 26413
121 gi|19 26623 27845
122 gi|19 28089 28421
123 gi|19 32678 32745
124 gi|19 38339 39003
125 gi|2 421 606
126 gi|2 1364 1566
127 gi|2 1958 2258
128 gi|2 4409 5397
129 gi|2 17464 17622
130 gi|2 18032 18160
131 gi|2 19646 20301
132 gi|2 24079 24203
133 gi|2 24305 24453
134 gi|2 28484 28698
135 gi|2 30030 30311
136 gi|2 31477 31927
137 gi|2 32215 32591
138 gi|2 33407 34010
139 gi|2 34305 35280
140 gi|2 36429 36851
141 gi|2 37105 37977
142 gi|20 23072 24764
143 gi|20 33778 33882
144 gi|20 33858 34065
145 gi|21 2891 2986
146 gi|21 4693 5232
147 gi|21 6629 7183
148 gi|21 8873 9129
149 gi|21 12888 13074
150 gi|21 14975 16290
151 gi|21 19402 22702
152 gi|21 28682 29187
153 gi|21 31684 31901
154 gi|21 32181 33375
155 gi|21 33536 33627
156 gi|21 34039 34099
157 gi|21 34568 35186
158 gi|21 38189 38289
159 gi|22 2565 2814
160 gi|22 6709 7374
161 gi|22 9575 10791
162 gi|22 10798 10896
163 gi|22 14121 14399
164 gi|22 17303 17604
165 gi|22 20419 22747
166 gi|22 24501 24741
167 gi|22 32226 32430
168 gi|23 3910 3995
169 gi|23 4274 4740
170 gi|23 11843 12102
171 gi|23 13245 13469
172 gi|23 13508 14303
173 gi|23 17876 18011
174 gi|23 18280 18328
175 gi|23 21404 21727
176 gi|23 21605 21866
177 gi|23 22664 23016
178 gi|23 23955 24487
179 gi|23 24925 25034
180 gi|23 26861 27271
181 gi|23 28739 28975
182 gi|23 38485 39148
183 gi|24 10792 11303
184 gi|24 29444 29838
185 gi|24 30264 31206
186 gi|24 31361 31736
187 gi|24 31604 32994
188 gi|24 33701 34361
189 gi|24 37924 38039
190 gi|25 15 1827
191 gi|25 2650 4930
192 gi|25 5258 5329
193 gi|25 5625 5851
194 gi|25 5974 6361
195 gi|25 6434 9471
196 gi|25 9833 10823
197 gi|25 11066 12607
198 gi|25 13459 13968
199 gi|25 14239 17219
200 gi|25 17650 20339
201 gi|25 20647 21644
202 gi|25 21351 23744
203 gi|25 23952 24925
204 gi|25 25766 26256
205 gi|25 26572 28034
206 gi|25 28886 29443
207 gi|25 29459 29935
208 gi|25 36017 36145
209 gi|25 39762 40145
210 gi|26 2509 3179
211 gi|26 4372 5244
212 gi|26 6159 6391
213 gi|26 13506 13691
214 gi|26 16634 17084
215 gi|26 19139 19260
216 gi|26 27584 27667
217 gi|26 33711 34195
218 gi|26 37068 37445
219 gi|27 1 254
220 gi|27 1961 2304
221 gi|27 3662 3865
222 gi|27 4515 5943
223 gi|27 10010 10196
224 gi|27 16715 16845
225 gi|27 22885 22947
226 gi|27 26431 26820
227 gi|27 27504 27755
228 gi|27 29589 30550
229 gi|27 32422 32581
230 gi|27 32684 32771
231 gi|27 32993 33070
232 gi|27 38058 38142
233 gi|28 8681 9476
234 gi|28 10206 10345
235 gi|28 11482 11744
236 gi|28 11821 11902
237 gi|28 13897 15170
238 gi|28 17795 17980
239 gi|28 22073 23158
240 gi|28 28652 29326
241 gi|28 30322 31403
242 gi|28 33268 33692
243 gi|28 38036 38542
244 gi|29 1 508
245 gi|29 1001 1089
246 gi|29 1076 1516
247 gi|29 1581 1709
248 gi|29 3791 4287
249 gi|29 11139 11336
250 gi|29 11987 12432
251 gi|29 14629 14751
252 gi|29 14973 15343
253 gi|29 18404 18880
254 gi|29 25991 26104
255 gi|29 26849 27020
256 gi|29 27093 28294
257 gi|29 29093 30447
258 gi|29 31887 32083
259 gi|29 35856 36694
260 gi|29 36844 36893
261 gi|29 36931 37038
262 gi|3 10344 11328
263 gi|3 18628 18704
264 gi|3 18901 19030
265 gi|30 8097 8160
266 gi|30 9777 10447
267 gi|30 13685 14083
268 gi|30 14135 14606
269 gi|30 19169 19335
270 gi|30 19327 19446
271 gi|30 32791 32958
272 gi|30 35038 35302
273 gi|30 35794 35888
274 gi|30 37064 37319
275 gi|31 1242 1730
276 gi|31 4602 4947
277 gi|31 5102 6009
278 gi|31 6361 6572
279 gi|31 7565 8951
280 gi|31 9632 9782
281 gi|31 11067 11725
282 gi|31 12805 13371
283 gi|31 16748 16993
284 gi|31 18625 19343
285 gi|31 19596 20084
286 gi|31 25899 27922
287 gi|31 32544 32949
288 gi|31 36920 37252
289 gi|32 2258 2355
290 gi|32 6015 6093
291 gi|32 7948 8019
292 gi|32 8109 8255
293 gi|32 9662 10088
294 gi|32 10272 10941
295 gi|32 10899 11067
296 gi|32 13959 14352
297 gi|32 14404 14530
298 gi|32 14637 15561
299 gi|32 15994 17907
300 gi|32 21675 22091
301 gi|32 22182 22649
302 gi|32 24726 26737
303 gi|32 35547 35586
304 gi|32 38184 38240
305 gi|33 4795 5000
306 gi|33 29486 29697
307 gi|33 29997 30239
308 gi|34 7279 7915
309 gi|34 13901 14091
310 gi|34 16869 17167
311 gi|34 33389 34620
312 gi|35 6611 6819
313 gi|35 8377 8864
314 gi|35 8728 9096
315 gi|35 10552 10629
316 gi|35 23497 24042
317 gi|35 30191 30337
318 gi|35 36944 37304
319 gi|35 39773 39942
320 gi|36 9 516
321 gi|36 7490 7733
322 gi|36 7746 9269
323 gi|36 9533 9817
324 gi|36 19235 19911
325 gi|36 22786 23177
326 gi|36 25242 25780
327 gi|36 26962 27055
328 gi|36 27268 28530
329 gi|36 28734 28798
330 gi|36 28876 29108
331 gi|36 31628 31863
332 gi|36 32795 33003
333 gi|36 33080 33450
334 gi|36 37134 37430
335 gi|36 38871 39539
336 gi|37 4486 4660
337 gi|37 6789 6925
338 gi|37 13733 14120
339 gi|37 17235 17531
340 gi|37 34425 34574
341 gi|38 2912 4049
342 gi|38 4440 5335
343 gi|38 5297 5549
344 gi|38 11932 12009
345 gi|38 12206 13538
346 gi|38 15889 15981
347 gi|38 34652 34745
348 gi|38 36900 37099
349 gi|38 37470 37695
350 gi|39 1439 2667
351 gi|39 3690 4324
352 gi|39 4177 4475
353 gi|39 4496 4600
354 gi|39 12533 12977
355 gi|39 14426 14626
356 gi|39 15008 15173
357 gi|39 28276 28348
358 gi|39 28895 29119
359 gi|39 30017 30951
360 gi|4 2582 3125
361 gi|4 3192 4522
362 gi|4 8791 8859
363 gi|4 8862 8985
364 gi|4 9497 9709
365 gi|4 12645 13288
366 gi|4 14685 14900
367 gi|4 15173 16298
368 gi|4 17032 17092
369 gi|4 17458 18113
370 gi|4 18405 19120
371 gi|4 28225 29373
372 gi|4 33200 33613
373 gi|4 33545 34486
374 gi|4 37007 37755
375 gi|4 39679 39928
376 gi|40 1679 2691
377 gi|40 3173 3419
378 gi|40 17650 18065
379 gi|40 18531 19087
380 gi|40 19194 19462
381 gi|40 19734 20926
382 gi|40 21017 21094
383 gi|40 32823 34243
384 gi|40 35767 36065
385 gi|41 170 623
386 gi|41 4738 5412
387 gi|41 12413 12555
388 gi|41 24306 24427
389 gi|41 36330 36890
390 gi|42 2543 2646
391 gi|42 6422 8300
392 gi|42 8485 9683
393 gi|42 11839 13235
394 gi|42 19628 20429
395 gi|42 22874 23291
396 gi|42 26550 27477
397 gi|42 27678 27929
398 gi|42 28461 28531
399 gi|42 29148 30324
400 gi|42 33494 34232
401 gi|42 34557 38888
402 gi|42 39202 40138
403 gi|43 1965 2516
404 gi|43 4763 5187
405 gi|43 6862 7368
406 gi|43 12967 13505
407 gi|43 16136 16346
408 gi|43 17123 17313
409 gi|43 23323 24122
410 gi|43 24485 25060
411 gi|44 3739 6930
412 gi|44 11145 13975
413 gi|44 14866 15853
414 gi|44 17178 17320
415 gi|44 26473 26533
416 gi|44 30705 30786
417 gi|44 32186 32938
418 gi|44 34008 34316
419 gi|44 34738 34884
420 gi|44 34815 35034
421 gi|45 454 552
422 gi|45 880 937
423 gi|45 1224 2180
424 gi|45 3653 3750
425 gi|45 4487 4604
426 gi|45 4658 4721
427 gi|45 6588 6731
428 gi|45 7713 7762
429 gi|45 7948 8050
430 gi|45 9476 10198
431 gi|45 10775 10904
432 gi|45 14299 14707
433 gi|45 15122 15509
434 gi|45 21987 22078
435 gi|45 22612 22650
436 gi|45 23540 24031
437 gi|45 29449 29985
438 gi|45 35159 35328
439 gi|45 36499 37988
440 gi|46 5676 7414
441 gi|46 15280 16099
442 gi|46 17771 19089
443 gi|46 20390 20850
444 gi|46 23479 23607
445 gi|46 31080 31939
446 gi|46 34568 34642
447 gi|46 35323 35784
448 gi|46 36144 36940
449 gi|46 38125 38983
450 gi|47 1302 2270
451 gi|47 2285 2941
452 gi|47 8528 8696
453 gi|47 10239 10464
454 gi|47 10835 11034
455 gi|47 13677 13928
456 gi|47 14085 14732
457 gi|47 14772 14995
458 gi|47 15211 16194
459 gi|47 20820 20923
460 gi|47 21471 21849
461 gi|47 21839 21910
462 gi|47 21963 22050
463 gi|47 22872 22979
464 gi|47 22973 23477
465 gi|47 28170 29361
466 gi|47 29796 29986
467 gi|47 30133 31024
468 gi|47 35022 35657
469 gi|48 2520 2577
470 gi|48 6255 6838
471 gi|48 9780 10531
472 gi|48 17645 18332
473 gi|48 31433 32269
474 gi|48 33107 33228
475 gi|48 35774 36285
476 gi|48 37457 38624
477 gi|49 1469 2288
478 gi|49 3302 3938
479 gi|49 10028 10136
480 gi|49 15159 15663
481 gi|49 15740 16003
482 gi|49 20917 20954
483 gi|5 45 266
484 gi|5 415 462
485 gi|5 1409 2055
486 gi|5 9830 10013
487 gi|5 11651 12328
488 gi|5 13309 14199
489 gi|5 16930 18236
490 gi|5 21909 22089
491 gi|5 22253 22408
492 gi|5 22658 23080
493 gi|5 32843 32924
494 gi|5 37378 38566
495 gi|5 38526 39262
496 gi|50 1417 2750
497 gi|50 4011 4309
498 gi|50 5510 6682
499 gi|50 6766 6883
500 gi|50 7865 8347
501 gi|50 9134 10572
502 gi|50 11024 11721
503 gi|50 12256 12380
504 gi|50 15953 16649
505 gi|50 21697 22818
506 gi|50 23669 24462
507 gi|50 25593 25773
508 gi|50 25842 26402
509 gi|50 27744 27892
510 gi|50 37251 37445
511 gi|50 39498 39569
512 gi|51 1 750
513 gi|51 2973 4264
514 gi|51 4394 5776
515 gi|51 12375 12673
516 gi|51 13583 13797
517 gi|51 14180 15130
518 gi|51 18943 19011
519 gi|51 19233 19553
520 gi|51 22435 22763
521 gi|51 24448 24719
522 gi|51 25590 26502
523 gi|51 27115 27304
524 gi|52 960 3781
525 gi|52 7241 7735
526 gi|52 8663 8793
527 gi|52 9073 9247
528 gi|52 11173 11363
529 gi|52 11534 11745
530 gi|52 14623 15492
531 gi|52 31056 32326
532 gi|52 32814 33315
533 gi|52 33430 33768
534 gi|52 34363 34808
535 gi|52 34974 35707
536 gi|52 36115 36312
537 gi|52 38307 38803
538 gi|52 39640 39774
539 gi|53 3 1090
540 gi|53 4998 5153
541 gi|53 7768 8467
542 gi|53 8607 8922
543 gi|53 12535 13872
544 gi|53 25048 26110
545 gi|53 39277 39363
546 gi|54 3 443
547 gi|54 3118 3228
548 gi|54 5772 6521
549 gi|54 8215 8456
550 gi|54 19880 19983
551 gi|54 31931 33202
552 gi|54 36131 36461
553 gi|55 62 1449
554 gi|55 6007 6791
555 gi|55 7064 7360
556 gi|55 8905 9445
557 gi|55 9956 10365
558 gi|55 10830 11124
559 gi|55 11455 12152
560 gi|55 14619 15043
561 gi|55 16472 16949
562 gi|55 17021 17540
563 gi|55 18383 20777
564 gi|55 21011 21123
565 gi|55 21479 23835
566 gi|55 24567 28816
567 gi|55 29182 31553
568 gi|55 32303 33881
569 gi|55 33973 34599
570 gi|55 35331 36876
571 gi|55 37069 38330
572 gi|55 38682 39262
573 gi|55 39539 39610
574 gi|56 9666 10089
575 gi|56 11894 12198
576 gi|56 29796 31033
577 gi|56 31730 31831
578 gi|56 38538 38858
579 gi|57 4583 5533
580 gi|57 6099 6340
581 gi|57 7089 7273
582 gi|57 7636 7747
583 gi|57 7934 8035
584 gi|57 7989 8143
585 gi|57 11475 11680
586 gi|57 12197 12527
587 gi|57 13150 13640
588 gi|57 14030 14188
589 gi|57 15938 16295
590 gi|57 19446 19703
591 gi|57 20131 21117
592 gi|57 21452 22620
593 gi|57 23249 23623
594 gi|57 28542 28726
595 gi|57 29004 29116
596 gi|57 29729 29918
597 gi|57 31412 31807
598 gi|57 32193 32606
599 gi|57 33022 33108
600 gi|57 36801 37495
601 gi|57 38000 38613
602 gi|57 39161 40147
603 gi|58 8057 8938
604 gi|58 9538 10485
605 gi|58 11336 11778
606 gi|58 15090 15406
607 gi|58 25500 25926
608 gi|58 38487 39691
609 gi|58 39840 40135
610 gi|59 5184 5885
611 gi|59 29731 30435
612 gi|59 31157 31254
613 gi|59 31618 31941
614 gi|59 32304 32896
615 gi|59 33307 33812
616 gi|59 36412 38185
617 gi|6 7573 7685
618 gi|6 15984 16434
619 gi|6 19635 19767
620 gi|6 27233 28509
621 gi|6 31290 32729
622 gi|6 36556 36661
623 gi|60 12636 13749
624 gi|60 17508 17608
625 gi|60 17827 17929
626 gi|60 18096 18370
627 gi|60 20775 21092
628 gi|60 23908 24288
629 gi|60 24593 24646
630 gi|60 25456 26119
631 gi|60 28935 29203
632 gi|60 31692 32578
633 gi|60 33766 34740
634 gi|60 38386 38633
635 gi|61 684 802
636 gi|61 1605 1676
637 gi|61 11357 11603
638 gi|61 17064 17534
639 gi|61 18405 19263
640 gi|61 19368 20160
641 gi|61 24373 24690
642 gi|61 29869 33079
643 gi|61 33512 34608
644 gi|61 34373 35416
645 gi|62 1207 1902
646 gi|62 2571 2724
647 gi|62 2899 3053
648 gi|62 5409 5604
649 gi|62 8329 8700
650 gi|62 9171 9292
651 gi|62 9467 9575
652 gi|62 13507 13583
653 gi|62 13808 14038
654 gi|62 15701 15915
655 gi|62 20027 20814
656 gi|62 20988 21079
657 gi|62 21901 22447
658 gi|62 24030 24600
659 gi|62 27318 27566
660 gi|62 32994 34351
661 gi|62 37824 38018
662 gi|63 8416 9181
663 gi|63 9569 10881
664 gi|63 11068 11169
665 gi|63 11692 12114
666 gi|63 13153 13605
667 gi|63 14636 14904
668 gi|63 16601 17334
669 gi|63 21062 22014
670 gi|63 22417 22718
671 gi|63 22972 23039
672 gi|63 28467 28950
673 gi|63 30671 30717
674 gi|63 37117 37439
675 gi|64 1340 1909
676 gi|64 4925 5194
677 gi|64 5716 6279
678 gi|64 10090 10539
679 gi|64 12228 13032
680 gi|64 19565 20050
681 gi|64 34220 35187
682 gi|64 35801 36753
683 gi|64 37610 37818
684 gi|64 39199 40142
685 gi|65 1 918
686 gi|65 3110 3336
687 gi|65 3272 3420
688 gi|65 13212 13865
689 gi|65 14880 15002
690 gi|65 15691 15793
691 gi|65 16630 17004
692 gi|65 29162 29229
693 gi|65 31345 32074
694 gi|65 32120 32308
695 gi|65 34588 34747
696 gi|65 35352 35540
697 gi|65 35728 36433
698 gi|65 36582 37355
699 gi|66 2836 2914
700 gi|66 5896 6260
701 gi|66 6633 6729
702 gi|66 9430 10428
703 gi|66 11675 12180
704 gi|66 14141 14386
705 gi|66 21750 22400
706 gi|66 31400 31562
707 gi|66 31873 32098
708 gi|66 34392 34874
709 gi|67 1271 1452
710 gi|67 3202 4690
711 gi|67 5614 6099
712 gi|67 6332 6457
713 gi|67 6962 7656
714 gi|67 9510 10196
715 gi|67 20555 20933
716 gi|67 28615 29779
717 gi|67 33985 34590
718 gi|67 36159 38488
719 gi|68 2681 2978
720 gi|68 4932 5422
721 gi|68 5616 5744
722 gi|68 5846 6013
723 gi|68 8316 9130
724 gi|68 9381 10663
725 gi|68 11385 12137
726 gi|68 14884 15125
727 gi|68 15205 15706
728 gi|68 16148 16521
729 gi|68 16658 18508
730 gi|68 18480 24646
731 gi|68 25275 25549
732 gi|68 27738 28421
733 gi|68 28469 28873
734 gi|68 29010 29345
735 gi|68 29437 33146
736 gi|68 33499 34656
737 gi|68 34877 35442
738 gi|68 37213 39971
739 gi|69 16653 16900
740 gi|69 22184 22357
741 gi|69 22371 24290
742 gi|69 24204 24625
743 gi|69 25159 25717
744 gi|69 27856 29864
745 gi|69 30352 30667
746 gi|69 31659 32444
747 gi|69 34387 34456
748 gi|7 3376 3556
749 gi|7 5980 6081
750 gi|7 12280 15555
751 gi|7 16721 16928
752 gi|7 18042 19579
753 gi|7 24186 24474
754 gi|7 34269 34399
755 gi|7 37336 37478
756 gi|70 965 3731
757 gi|70 3832 4384
758 gi|70 4466 5655
759 gi|70 5691 9399
760 gi|70 9456 10137
761 gi|70 11316 11638
762 gi|70 12471 18687
763 gi|70 19130 19268
764 gi|70 19618 21424
765 gi|70 21507 21873
766 gi|70 22146 22388
767 gi|70 22424 22722
768 gi|70 22983 23318
769 gi|70 28164 28413
770 gi|70 28898 29103
771 gi|70 29363 31433
772 gi|70 31599 32239
773 gi|70 32571 32613
774 gi|70 33123 34096
775 gi|70 34499 34554
776 gi|70 38345 38430
777 gi|70 38743 39187
778 gi|71 7 749
779 gi|71 3590 3778
780 gi|71 9640 11129
781 gi|71 11839 12626
782 gi|71 14093 14911
783 gi|71 15566 16199
784 gi|71 23453 24288
785 gi|71 24292 25833
786 gi|71 31688 32641
787 gi|71 35621 37022
788 gi|72 694 1681
789 gi|72 3016 3957
790 gi|72 3708 5601
791 gi|72 6300 6934
792 gi|72 6917 7016
793 gi|72 9861 10196
794 gi|72 10382 10925
795 gi|72 10699 11716
796 gi|72 19920 20329
797 gi|72 20241 20482
798 gi|72 26486 26873
799 gi|72 27178 27828
800 gi|72 28771 29091
801 gi|72 37250 38048
802 gi|73 4679 4779
803 gi|73 13593 14601
804 gi|73 29588 29825
805 gi|73 37293 37335
806 gi|73 37333 38508
807 gi|74 5449 5549
808 gi|74 6534 7175
809 gi|74 7504 7876
810 gi|74 9035 9510
811 gi|74 12329 12972
812 gi|74 13602 13871
813 gi|74 18671 18823
814 gi|74 19599 19939
815 gi|74 23160 24476
816 gi|74 25897 26530
817 gi|74 26763 27704
818 gi|74 31242 31315
819 gi|74 33316 33531
820 gi|74 34865 35316
821 gi|75 390 1207
822 gi|75 2858 3575
823 gi|75 5133 5403
824 gi|75 5465 6242
825 gi|75 6900 7603
826 gi|75 10518 10655
827 gi|75 11263 11684
828 gi|75 11769 12730
829 gi|75 13264 13319
830 gi|75 13523 13995
831 gi|75 16793 17761
832 gi|75 18824 19707
833 gi|75 20097 20398
834 gi|75 20578 20784
835 gi|75 22090 22253
836 gi|75 29515 30419
837 gi|75 32488 33268
838 gi|75 34285 34490
839 gi|75 36066 36189
840 gi|75 36361 36782
841 gi|75 38116 39202
842 gi|75 39781 40079
843 gi|8 1 1699
844 gi|8 1609 2114
845 gi|8 6220 7010
846 gi|8 8712 10166
847 gi|8 11884 12876
848 gi|8 16784 17285
849 gi|8 22053 22928
850 gi|8 22930 23352
851 gi|8 23343 24324
852 gi|8 24305 24907
853 gi|8 24915 25292
854 gi|8 26731 26815
855 gi|8 33902 34226
856 gi|8 35106 35208
857 gi|8 36221 36349
858 gi|8 36919 37091
859 gi|8 37092 37348
860 gi|8 37343 37490
861 gi|8 39841 40147
862 gi|9 433 593
863 gi|9 23523 23768
864 gi|9 26599 28334
865 gi|9 34847 35567
866 gi|9 39423 40122
