#  fam    ele   dir  sequence    start     end
     1      1  1       gi|1     3392     3634 
     1    106 -1      gi|18    34323    34578 
     2      2  1       gi|1     9175     9295 
     2    788  1      gi|72    18285    18996 
     2    560  1      gi|55    14368    15084 
     2    442  1      gi|47     2855     3369 
     3      3  1       gi|1    15561    15732 
     3    211  1      gi|29      549      706 
     4      4  1       gi|1    19365    20038 
     4    584  1      gi|58     8186     8859 
     5      5  1       gi|1    20451    21873 
     5    372 -1      gi|41    29512    30345 
     5    585  1      gi|58     9330    10919 
     5    278  1      gi|35     1435     1604 
     6      6  1       gi|1    33924    34898 
     7      7  1       gi|1    38231    38866 
     7    206  1      gi|28    16665    17306 
     7    393 -1      gi|43     1770     1945 
     8      8  1       gi|1    39863    39963 
     8    386  1      gi|42    27366    27458 
     9      9  1      gi|10        2     2227 
    10     10  1      gi|10     2530     3388 
    10    271 -1      gi|33    22817    23678 
    11     11  1      gi|10     7279     8130 
    11    223 -1      gi|29    36777    36978 
    11    786 -1      gi|72    13913    14751 
    11    842 -1      gi|41      404     1168 
    11    265  1      gi|33     8407     9114 
    11    195 -1      gi|26    36244    37077 
    11    353 -1      gi|40    11874    12081 
    12     12  1      gi|10     8051     9525 
    12    330  1      gi|39    24452    24536 
    12    843  1      gi|54    38830    39999 
    12    120  1      gi|19    38422    39831 
    12    794  1      gi|72    39730    39981 
    12    550  1      gi|54    25424    26918 
    12    563  1      gi|56     1289     2321 
    12    645 -1      gi|62    23831    24727 
    13     13  1      gi|10     9804    10642 
    13    574 -1      gi|57     2867     3667 
    13    767 -1      gi|71     2182     2300 
    13    782  1      gi|72     7706     8296 
    13    575 -1      gi|57     3918     4455 
    14     14  1      gi|10    11533    12490 
    14    213 -1      gi|29     4984     5134 
    15     15  1      gi|10    12575    12794 
    15    210  1      gi|28    30387    31049 
    15    109  1      gi|18    38106    38752 
    16     16  1      gi|10    16659    18426 
    16    415 -1      gi|44    22349    22469 
    16    694  1      gi|66    28668    30422 
    16    370 -1      gi|41    24667    24883 
    16    763  1      gi|70    38457    38563 
    17     17  1      gi|10    18995    19247 
    17    762 -1      gi|70    36125    38328 
    17     46  1      gi|12    23046    25234 
    18     18  1      gi|10    19472    19673 
    18     30 -1      gi|11    21202    22114 
    18     90 -1      gi|17    27184    27386 
    18    368 -1      gi|41    19572    19731 
    19     19  1      gi|10    19642    19714 
    19    815 -1      gi|74    39098    39168 
    20     20  1      gi|10    19851    25323 
    20    459 -1      gi|48    22690    27467 
    20    749 -1      gi|70     2179     5138 
    20    750 -1      gi|70     5703     8052 
    20    808 -1      gi|74     3277     3471 
    21     21  1      gi|10    24773    26902 
    21    748 -1      gi|70        1     1623 
    21    845 -1       gi|5    14837    15356 
    21    846  1      gi|53     5949     6483 
    21    729 -1       gi|7     8674     8750 
    22     22  1      gi|10    27050    28289 
    22    457 -1      gi|48    18812    20047 
    23     23  1      gi|10    30212    30627 
    23    730 -1       gi|7    10474    10892 
    24     24  1      gi|10    37137    37364 
    24    250  1      gi|31    14075    14284 
    25     25  1      gi|11        1      321 
    25    692 -1      gi|66    23937    25183 
    25    264  1      gi|32    32786    34046 
    25    732 -1       gi|7    16148    17078 
    25    118 -1      gi|19    34237    34931 
    25    144 -1      gi|21     6780     6908 
    26     26  1      gi|11     2311     2419 
    26    111  1      gi|19    13172    15105 
    26    542 -1      gi|53    37420    39353 
    27     27  1      gi|11    10933    11053 
    27    133 -1      gi|20    20764    20884 
    28     28  1      gi|11    14934    15649 
    28    199  1      gi|27     8107     8788 
    29     29  1      gi|11    16137    16272 
    29    294  1      gi|37    14448    14573 
    30     31  1      gi|11    26239    27439 
    30    648  1      gi|62    31094    32267 
    31     32  1      gi|11    28348    28826 
    31    282  1      gi|35    39491    39966 
    32     33  1      gi|11    31705    32002 
    32    305  1      gi|37    37701    37984 
    32    830  1      gi|76    20469    20636 
    32    758 -1      gi|70    17463    17577 
    33     34  1      gi|11    31866    32302 
    33    667 -1      gi|63    37603    38058 
    33    470 -1      gi|49    25010    25569 
    34     35  1      gi|11    32350    33214 
    34    665 -1      gi|63    34757    35609 
    35     36  1      gi|11    34217    35304 
    35    664 -1      gi|63    33491    34585 
    36     37  1      gi|11    35516    36625 
    36    663  1      gi|63    32308    33429 
    36    417 -1      gi|44    27687    27775 
    37     38  1      gi|11    38184    38757 
    37    519  1      gi|52     7132     7705 
    38     39  1      gi|12     3122     3957 
    38     96 -1      gi|18     3909     4744 
    38    462 -1      gi|48    32181    32299 
    39     40  1      gi|12    12649    13788 
    39    203 -1      gi|27    25975    26167 
    39    449 -1      gi|47    28714    28992 
    39    549 -1      gi|54    24232    25438 
    39    589  1      gi|58    17804    18934 
    40     41  1      gi|12    14008    14739 
    40    408  1      gi|43    39030    39770 
    41     42  1      gi|12    17496    17581 
    41    260 -1      gi|32    15393    15891 
    41    666 -1      gi|63    36009    36320 
    42     43  1      gi|12    18005    18129 
    42    713  1      gi|68    33876    33997 
    43     44  1      gi|12    18275    18372 
    43    725  1      gi|69    31353    31446 
    44     45  1      gi|12    21844    22802 
    44    499  1      gi|50    25661    26637 
    44    498  1      gi|50    24385    25290 
    45     47  1      gi|12    27990    28411 
    45    115 -1      gi|19    24860    25302 
    46     48  1      gi|12    28428    29177 
    46    616 -1       gi|6    28408    29147 
    47     49  1      gi|12    35350    35425 
    47    566 -1      gi|56    13654    13734 
    48     50  1      gi|13     2937     4372 
    48    810  1      gi|74    16650    17706 
    48    811  1      gi|74    20314    21723 
    48     95 -1      gi|18     2955     3397 
    49     51  1      gi|13     5843     6048 
    49    652  1      gi|63     2830     3056 
    50     52  1      gi|13     7603     8565 
    50     70 -1      gi|15    17307    39999 
    50     83  1      gi|17    11609    11728 
    50    217 -1      gi|29    26745    26857 
    50    272 -1      gi|33    24877    37614 
    50    286 -1      gi|36    20137    20209 
    50    522 -1      gi|52    27605    27777 
    50    727 -1       gi|7     8243     8290 
    50    816  1      gi|75        1     2614 
    50    258 -1      gi|32     2935     3057 
    50    675  1      gi|64    23364    23493 
    50    817  1      gi|75     1721     4936 
    50    841  1      gi|75    36341    39984 
    50    400 -1      gi|43    19879    19940 
    50    745 -1       gi|7    36508    36697 
    50    543 -1      gi|54      483     1459 
    51     53  1      gi|13    10682    10833 
    51    430 -1      gi|45    34046    34254 
    51    696  1      gi|67     1981     2074 
    51    697 -1      gi|67     2353     2579 
    51    698 -1      gi|67     2622     2755 
    52     54  1      gi|13    16929    18075 
    52    224 -1       gi|3     8621     9774 
    53     55  1      gi|13    27563    28430 
    53    777 -1      gi|71    38934    39786 
    54     56  1      gi|13    28918    28997 
    54    306 -1      gi|37    39378    39461 
    55     57  1      gi|13    31591    32202 
    56     58  1      gi|13    35026    35337 
    56    500 -1      gi|50    32006    32273 
    57     59  1      gi|13    37933    39136 
    57    161 -1      gi|22    37097    38709 
    57    441 -1      gi|46    36214    36663 
    57    524  1      gi|52    30170    31789 
    57    799  1      gi|73    10617    11881 
    58     60  1      gi|14     1437     1647 
    58    298  1      gi|37    26398    26607 
    59     61  1      gi|14     3659     4245 
    60     62  1      gi|14    11541    12638 
    60    311  1      gi|38    16035    17091 
    60    314  1      gi|38    22363    22721 
    60    318 -1      gi|38    32419    32526 
    61     63  1      gi|14    17153    17861 
    61    310  1      gi|38    14420    15572 
    61    711  1      gi|68    23092    24257 
    62     64  1      gi|14    19549    20463 
    62    678  1      gi|65     2846     3737 
    62    829  1      gi|76    19657    19742 
    63     65  1      gi|14    29416    29644 
    63    733  1       gi|7    17939    18167 
    64     66  1      gi|14    33140    34981 
    64    191 -1      gi|26    23713    25555 
    65     67  1      gi|14    35409    37347 
    65    510  1      gi|51    15172    17150 
    66     68  1      gi|15        1     3014 
    66    821 -1      gi|75    17231    36367 
    67     69  1      gi|15     3798    16869 
    67     82 -1      gi|17    10281    10575 
    67    231  1       gi|3    30513    30722 
    67    630  1      gi|61     5842     5975 
    68     71  1      gi|16     3069     3172 
    68    153  1      gi|21    35160    35263 
    69     72  1      gi|16     3487     4278 
    69    603 -1      gi|59    27649    28429 
    70     73  1      gi|16    11285    11365 
    70    840 -1       gi|9     7583     7668 
    71     74  1      gi|16    19599    19794 
    71    395  1      gi|43     4387     4586 
    72     75  1      gi|16    20821    20984 
    72    643  1      gi|62     9842    10015 
    73     76  1      gi|16    24456    32342 
    73     93 -1      gi|17    37733    37788 
    73    463  1      gi|49        1     7923 
    73    402  1      gi|43    26514    26650 
    73     77 -1      gi|16    32167    36862 
    73    465 -1      gi|49    14003    14521 
    74     78  1      gi|17     5489     5660 
    74    533  1      gi|53    11468    11636 
    75     79  1      gi|17     5770     6136 
    75    626  1      gi|60    20830    21196 
    76     80  1      gi|17     6271     6560 
    76    405 -1      gi|43    36027    36294 
    77     81  1      gi|17     7419     7534 
    77    176  1      gi|24    24335    25143 
    77    287 -1      gi|36    23797    24604 
    77    472  1      gi|49    27316    28202 
    78     84  1      gi|17    12334    12513 
    78    232 -1       gi|3    31734    31897 
    79     85  1      gi|17    18894    19047 
    79    512 -1      gi|51    19145    19792 
    79    424  1      gi|45    12909    13564 
    80     86  1      gi|17    19027    19180 
    80    138  1      gi|20    33270    33424 
    81     87  1      gi|17    21283    21583 
    81    296  1      gi|37    24180    24488 
    82     88  1      gi|17    21991    23200 
    82    376 -1      gi|41    38174    39391 
    82     89  1      gi|17    25148    26350 
    83     91  1      gi|17    28746    30177 
    83    602  1      gi|59    22877    24315 
    84     92  1      gi|17    32687    32795 
    84    657  1      gi|63    11924    12058 
    85     94  1      gi|18     1266     1512 
    85    570 -1      gi|56    26812    27057 
    86     97  1      gi|18     9827     9947 
    86    410 -1      gi|44    13507    13634 
    87     98  1      gi|18    12551    13480 
    87    290 -1      gi|37      566     1514 
    87    751  1      gi|70     8725     8894 
    87    284 -1      gi|36     6310     6512 
    87    617 -1       gi|6    29217    29966 
    87    701 -1      gi|67    26099    26215 
    87    742 -1       gi|7    34397    34458 
    88     99  1      gi|18    15090    15678 
    88    249  1      gi|31    12803    13399 
    89    100  1      gi|18    15872    16474 
    89    722 -1      gi|69    26399    26994 
    90    101  1      gi|18    17591    17731 
    90    516  1      gi|51    36832    37055 
    90    251  1      gi|31    27811    28009 
    91    102  1      gi|18    17787    18211 
    91    736  1       gi|7    23053    23475 
    92    103  1      gi|18    18726    19461 
    92    443 -1      gi|47     6382     7150 
    93    104  1      gi|18    27066    27979 
    93    503  1      gi|50    37306    38334 
    93    127 -1       gi|2    18269    19335 
    94    105  1      gi|18    28320    28458 
    94    707  1      gi|68     1775     1902 
    95    107  1      gi|18    35071    36384 
    95    216  1      gi|29    22247    22386 
    95    825 -1      gi|76     8470     9808 
    95    576  1      gi|57     6021     6119 
    95    839  1       gi|9     5200     5667 
    96    108  1      gi|18    36744    37684 
    96    529 -1      gi|53     4912     5850 
    97    110  1      gi|19     7422     9857 
    97    743 -1       gi|7    34742    34986 
    98    112  1      gi|19    18688    19583 
    98    660 -1      gi|63    17474    18296 
    99    113  1      gi|19    21194    21518 
    99    471 -1      gi|49    25468    26933 
    99    685 -1      gi|65    37731    38011 
   100    114  1      gi|19    21438    22398 
   100    552  1      gi|54    30537    31463 
   100    362 -1      gi|41     4026     4136 
   101    116  1      gi|19    31192    31358 
   101    581  1      gi|57    26723    26895 
   102    117  1      gi|19    32038    32313 
   102    169  1      gi|23    30458    30757 
   102    521  1      gi|52    18916    19034 
   103    119  1      gi|19    37438    37537 
   103    778 -1      gi|72     1839     1935 
   104    121  1       gi|2      782     1221 
   104    226 -1       gi|3    11794    14493 
   104    833  1      gi|76    31011    32213 
   104    346  1      gi|40      737      876 
   104    700  1      gi|67    23301    25996 
   104    502 -1      gi|50    35723    36890 
   104    172  1      gi|24     9342     9484 
   105    122  1       gi|2     1262     2030 
   105    270  1      gi|33    20907    21642 
   105    765 -1      gi|71      570     1193 
   105    655 -1      gi|63     9030     9367 
   106    123  1       gi|2    10957    12149 
   106    396 -1      gi|43     5900     7113 
   107    124  1       gi|2    12409    13029 
   108    125  1       gi|2    13420    13854 
   108    397  1      gi|43    11603    12040 
   109    126  1       gi|2    17794    17882 
   109    527  1      gi|53      492      576 
   110    128  1       gi|2    23774    24911 
   110    520 -1      gi|52     8176     9380 
   111    129  1       gi|2    24914    25256 
   111    599  1      gi|59    16672    17074 
   111    130  1       gi|2    25377    25733 
   112    131  1       gi|2    30797    31194 
   112    838 -1       gi|9      186      801 
   112    607 -1       gi|6     4339     4746 
   112    746  1       gi|7    37547    38094 
   113    132  1       gi|2    39246    39454 
   113    257  1      gi|32      826     1021 
   114    134  1      gi|20    21067    22479 
   114    456  1      gi|48    15792    17207 
   115    135  1      gi|20    22551    23337 
   115    534  1      gi|53    14998    15780 
   116    136  1      gi|20    27160    27849 
   116    535  1      gi|53    16597    17281 
   117    137  1      gi|20    30266    30486 
   117    336 -1      gi|39    37544    37927 
   117    615  1       gi|6    27678    28020 
   118    139  1      gi|20    36618    36757 
   119    140  1      gi|20    36742    36899 
   119    154 -1      gi|22     3359     3519 
   120    141  1      gi|20    38909    39040 
   120    474  1      gi|49    34717    34846 
   121    142  1      gi|20    39629    39991 
   121    687  1      gi|66     4001     4363 
   122    143  1      gi|21     4802     4929 
   122    525 -1      gi|52    36812    36933 
   123    145  1      gi|21     8756     8991 
   123    309 -1      gi|38    12850    13086 
   123    285 -1      gi|36    16458    16618 
   124    146  1      gi|21    10565    10709 
   124    478  1       gi|5     2082     2299 
   124    303  1      gi|37    33624    33835 
   125    147  1      gi|21    12243    13008 
   125    320 -1      gi|38    35332    37216 
   126    148  1      gi|21    18382    20269 
   126    828 -1      gi|76    17405    19306 
   126    514 -1      gi|51    33580    34308 
   127    149  1      gi|21    20324    22251 
   127    827 -1      gi|76    15544    17229 
   128    150  1      gi|21    22206    24011 
   128    548  1      gi|54    20402    22209 
   128    587 -1      gi|58    12375    14168 
   128    454 -1      gi|48     8580     8933 
   129    151  1      gi|21    24231    24426 
   129    586 -1      gi|58    12089    12281 
   130    155  1      gi|22     4878     4983 
   130    234  1       gi|3    34347    34456 
   131    156  1      gi|22     9829    10520 
   131    275 -1      gi|34    26023    26720 
   132    157  1      gi|22    15820    16349 
   132    401 -1      gi|43    25261    25370 
   132    506  1      gi|51     7063     7637 
   132    429  1      gi|45    33080    33249 
   133    158  1      gi|22    18375    18569 
   133    245  1      gi|30    28441    28618 
   134    159  1      gi|22    20432    20524 
   134    740  1       gi|7    30778    30876 
   135    160  1      gi|22    29979    30150 
   135    805  1      gi|73    32205    32370 
   136    162  1      gi|23        9      764 
   136    800 -1      gi|73    12623    13372 
   137    163  1      gi|23      809     3657 
   137    809  1      gi|74     9216    12085 
   138    164  1      gi|23     4576     6000 
   138    467 -1      gi|49    16940    18374 
   139    165  1      gi|23     7693     9006 
   139    604  1      gi|59    31366    32110 
   140    166  1      gi|23    12717    12856 
   140    218 -1      gi|29    31195    31334 
   141    167  1      gi|23    16402    17971 
   141    783  1      gi|72     9668    11135 
   142    168  1      gi|23    24819    24918 
   142    517  1      gi|51    38944    39030 
   143    170  1      gi|23    31608    31691 
   143    469  1      gi|49    23346    23438 
   144    171  1      gi|24      723     3895 
   144    398 -1      gi|43    13647    16821 
   145    173  1      gi|24     9465     9589 
   145    557  1      gi|55     8507     9313 
   145    686 -1      gi|65    39048    39857 
   146    174  1      gi|24    10140    10415 
   146    608 -1       gi|6    16032    16262 
   147    175  1      gi|24    12557    12667 
   147    214  1      gi|29    12567    12672 
   148    177  1      gi|24    32158    32248 
   148    341  1       gi|4    24677    24780 
   149    178  1      gi|25     4282     5185 
   149    487  1       gi|5    30461    31357 
   150    179  1      gi|25     5453     5581 
   150    629  1      gi|61     4995     5120 
   151    180  1      gi|25     6633     7209 
   151    389 -1      gi|42    35236    35814 
   152    181  1      gi|25    14892    16103 
   152    577  1      gi|57     8160     9377 
   153    182  1      gi|25    16776    16852 
   153    252  1      gi|31    32316    32397 
   154    183  1      gi|25    20773    21922 
   154    187  1      gi|26    15225    16371 
   155    184  1      gi|25    35744    35826 
   155    779  1      gi|72     2759     2842 
   156    185  1      gi|26     5436     7136 
   156    774 -1      gi|71    26441    28134 
   157    186  1      gi|26    10476    11285 
   157    495 -1      gi|50    15348    15451 
   157    766  1      gi|71     1407     2217 
   158    188  1      gi|26    17766    17928 
   158    359 -1      gi|40    37803    37970 
   159    189  1      gi|26    19789    20464 
   159    523 -1      gi|52    29324    29982 
   160    190  1      gi|26    23024    23201 
   160    475 -1      gi|49    37904    38265 
   160    453 -1      gi|48     6264     6554 
   161    192  1      gi|26    30848    31246 
   161    308  1      gi|38     1623     1935 
   161    497 -1      gi|50    21107    21507 
   161    354  1      gi|40    12444    12552 
   162    193  1      gi|26    34460    34784 
   163    194  1      gi|26    34740    34986 
   163    355  1      gi|40    16993    18141 
   164    196  1      gi|26    38480    38605 
   164    784  1      gi|72    12396    12524 
   165    197  1      gi|27      851     1166 
   165    545 -1      gi|54     9060    13827 
   165    559  1      gi|55    11353    13090 
   165    677  1      gi|65     1860     2920 
   165    712  1      gi|68    29659    33159 
   165    635 -1      gi|61    23115    23249 
   165    377  1      gi|41    39520    40000 
   166    198  1      gi|27     1607     1936 
   166    785  1      gi|72    12766    13850 
   166    501 -1      gi|50    34537    35642 
   167    200  1      gi|27     9843    10797 
   167    562 -1      gi|55    27449    28397 
   168    201  1      gi|27    12305    12431 
   168    781  1      gi|72     3756     3883 
   169    202  1      gi|27    12646    13367 
   169    254 -1      gi|31    33929    34660 
   169    613  1       gi|6    22770    23153 
   170    204  1      gi|28       24      324 
   170    600  1      gi|59    17627    17929 
   171    205  1      gi|28    16534    16647 
   171    553  1      gi|54    36342    36446 
   172    207  1      gi|28    23731    25391 
   172    619 -1       gi|6    32353    32630 
   172    689  1      gi|66     7497     9082 
   172    438  1      gi|46    22637    24231 
   173    208  1      gi|28    28140    28242 
   173    836 -1       gi|8    34621    34714 
   174    209  1      gi|28    28240    28993 
   175    212  1      gi|29     1898     2007 
   175    634 -1      gi|61    14679    14784 
   176    215  1      gi|29    19706    20388 
   176    518  1      gi|52     4020     4687 
   176    421 -1      gi|45     2487     2683 
   176    804  1      gi|73    27239    27570 
   177    219  1      gi|29    31663    31708 
   177    349  1      gi|40     6325     6368 
   178    220  1      gi|29    33569    33700 
   178    235 -1       gi|3    34610    34741 
   179    221  1      gi|29    34185    34334 
   179    233 -1       gi|3    33949    34085 
   180    222  1      gi|29    34547    35511 
   180    691  1      gi|66    19035    19993 
   181    225  1       gi|3     9956    11027 
   181    684  1      gi|65    36685    37752 
   182    227  1       gi|3    14711    14801 
   182    338  1       gi|4     6981     7069 
   183    228  1       gi|3    14933    16358 
   183    339  1       gi|4     7126     8524 
   184    229  1       gi|3    22981    23824 
   184    496  1      gi|50    16982    17831 
   185    230  1       gi|3    27528    28695 
   185    633 -1      gi|61    10158    11397 
   186    236  1       gi|3    35233    35352 
   186    702  1      gi|67    27522    27635 
   187    237  1      gi|30      187      614 
   187    446 -1      gi|47    11029    11461 
   188    238  1      gi|30      527      708 
   188    390  1      gi|42    39827    40000 
   189    239  1      gi|30      720      810 
   189    407  1      gi|43    36759    36850 
   190    240  1      gi|30     1042     1346 
   190    381  1      gi|42    10047    10337 
   191    241  1      gi|30     2161     2601 
   191    594 -1      gi|59      715     1152 
   192    242  1      gi|30     6141     6410 
   192    403  1      gi|43    30816    31094 
   193    243  1      gi|30     6541     7222 
   193    404  1      gi|43    31258    31958 
   194    244  1      gi|30    13876    14525 
   194    358 -1      gi|40    24927    25650 
   194    266  1      gi|33    12520    12903 
   194    834 -1       gi|8        2      254 
   195    246  1      gi|30    32063    32173 
   195    387 -1      gi|42    31871    31983 
   196    247  1      gi|30    38851    38906 
   196    651  1      gi|62    38677    38738 
   197    248  1      gi|31    11327    12794 
   197    705 -1      gi|67    36983    38468 
   197    721 -1      gi|69    22027    22942 
   198    253  1      gi|31    33216    33370 
   198    546  1      gi|54    14074    14228 
   199    255  1      gi|31    35650    35938 
   199    268  1      gi|33    19224    19420 
   199    365  1      gi|41     6463     6705 
   200    256  1      gi|31    37332    38941 
   200    710  1      gi|68    18057    19681 
   201    259  1      gi|32     6247     6901 
   201    564 -1      gi|56     4498     5144 
   202    261  1      gi|32    17340    18190 
   202    283  1      gi|36      131     1002 
   203    262  1      gi|32    21941    22465 
   203    798 -1      gi|73     9537    10588 
   203    567  1      gi|56    16073    17149 
   204    263  1      gi|32    24002    25081 
   205    267  1      gi|33    18988    19178 
   205    628  1      gi|61     4445     4508 
   206    269  1      gi|33    19895    20280 
   206    620 -1       gi|6    33241    33646 
   206    364  1      gi|41     6191     6514 
   207    273  1      gi|33    37686    39065 
   207    544  1      gi|54     4606     5893 
   207    820 -1      gi|75    15472    16806 
   208    274  1      gi|34     2152     2324 
   208    435 -1      gi|46    12605    12779 
   209    276  1      gi|34    30550    30713 
   209    754  1      gi|70    14968    15154 
   210    277  1      gi|34    31400    31988 
   210    770 -1      gi|71    16641    17200 
   211    279  1      gi|35     5099     5238 
   211    582  1      gi|57    36460    36588 
   212    280  1      gi|35    12158    12387 
   212    319 -1      gi|38    34686    35353 
   212    460  1      gi|48    28287    28923 
   213    281  1      gi|35    26950    28268 
   214    288  1      gi|36    29686    29941 
   214    513  1      gi|51    22302    22561 
   215    289  1      gi|36    36642    40000 
   215    325  1      gi|39     7213     7265 
   215    333  1      gi|39    25231    25283 
   215    334 -1      gi|39    27391    30748 
   216    291  1      gi|37     3831     4240 
   216    484 -1       gi|5    23664    24073 
   216    632  1      gi|61     8838     8978 
   217    292  1      gi|37     8926     9148 
   217    450 -1      gi|47    36028    36241 
   218    293  1      gi|37    11677    12724 
   218    624  1      gi|60    16385    17447 
   219    295  1      gi|37    22764    22884 
   219    591 -1      gi|58    24197    24314 
   220    297  1      gi|37    24696    26170 
   220    431 -1      gi|45    34505    36117 
   220    573  1      gi|56    38172    39779 
   220    539  1      gi|53    32777    32911 
   220    540  1      gi|53    34108    35624 
   220    572  1      gi|56    31749    33216 
   221    299  1      gi|37    27354    27486 
   222    300  1      gi|37    27435    28032 
   222    801  1      gi|73    15387    15982 
   222    849  1       gi|6    18369    18486 
   223    301  1      gi|37    28676    28766 
   223    479  1       gi|5     2707     2839 
   223    361 -1      gi|41     1737     1866 
   224    302  1      gi|37    29922    32623 
   224    416  1      gi|44    23558    25715 
   224    433 -1      gi|46     3738     6417 
   224    803 -1      gi|73    24271    24442 
   225    304  1      gi|37    37453    37613 
   225    724  1      gi|69    29853    30022 
   226    307  1      gi|37    39519    39633 
   226    494  1      gi|50    14448    14555 
   227    312  1      gi|38    18735    19114 
   227    622  1       gi|6    37917    38298 
   228    313  1      gi|38    20662    20763 
   228    699  1      gi|67    10542    10643 
   229    315  1      gi|38    23476    25618 
   229    344  1       gi|4    31643    33797 
   230    316  1      gi|38    25820    26902 
   230    374  1      gi|41    35028    36072 
   230    776 -1      gi|71    36986    37223 
   230    536  1      gi|53    22772    23028 
   230    755  1      gi|70    15111    15263 
   230    695 -1      gi|66    39814    39952 
   231    317  1      gi|38    27957    29110 
   231    375  1      gi|41    36581    37729 
   232    321  1      gi|39      506      755 
   232    848  1      gi|21    26051    26293 
   232    511 -1      gi|51    17496    17742 
   233    322  1      gi|39     1501     1639 
   234    323  1      gi|39     6736     6817 
   234    850 -1      gi|64     8454     8568 
   234    324  1      gi|39     6821     6949 
   234    331  1      gi|39    24761    24830 
   234    851  1      gi|39    24844    24968 
   235    326  1      gi|39     9373    12849 
   235    669 -1      gi|64     2554     4847 
   236    327  1      gi|39    18907    21305 
   236    439 -1      gi|46    33148    33418 
   236    806  1      gi|73    38178    38668 
   237    328  1      gi|39    21337    21788 
   237    773  1      gi|71    23175    23658 
   238    329  1      gi|39    23190    24467 
   239    335  1      gi|39    32256    32358 
   239    606 -1       gi|6      108      219 
   239    757  1      gi|70    16282    16361 
   240    337  1       gi|4      141      268 
   240    508 -1      gi|51     9984    10111 
   241    340  1       gi|4    21938    22267 
   241    790 -1      gi|72    21297    21626 
   242    342  1       gi|4    28087    29201 
   242    425  1      gi|45    23548    24657 
   243    343  1       gi|4    29387    31578 
   243    461 -1      gi|48    29562    31753 
   243    369 -1      gi|41    21590    22356 
   244    345  1       gi|4    33873    35034 
   245    348  1      gi|40     3499     4101 
   245    583  1      gi|57    37470    38036 
   245    681 -1      gi|65    18218    18302 
   245    738  1       gi|7    26040    26125 
   246    351  1      gi|40     9283    11165 
   247    352  1      gi|40    11575    11905 
   247    659 -1      gi|63    14734    15057 
   248    357  1      gi|40    21269    21970 
   248    856 -1      gi|76     6141     6862 
   248    650  1      gi|62    35112    35566 
   248    640 -1      gi|61    36825    37004 
   248    859  1      gi|62    34783    34993 
   249    363  1      gi|41     5414     5639 
   249    412 -1      gi|44    19826    20732 
   250    366  1      gi|41     8096     8672 
   250    491 -1      gi|50    10296    10869 
   251    367  1      gi|41    10885    13777 
   251    823  1      gi|76     1519     4428 
   252    371  1      gi|41    26719    26864 
   252    631 -1      gi|61     6402     6528 
   253    373  1      gi|41    33721    34198 
   253    551  1      gi|54    29149    29384 
   253    662  1      gi|63    30174    30705 
   253    744  1       gi|7    35930    36009 
   254    378  1      gi|42       57     1312 
   254    693  1      gi|66    28357    28477 
   254    812 -1      gi|74    24432    25574 
   254    813 -1      gi|74    25699    26178 
   255    379  1      gi|42     1669     3240 
   255    436 -1      gi|46    18512    20090 
   256    380  1      gi|42     3321     4154 
   256    704 -1      gi|67    34435    35265 
   257    382  1      gi|42    13381    13538 
   257    580  1      gi|57    17885    18045 
   258    383  1      gi|42    17553    17692 
   258    739 -1       gi|7    28693    28839 
   259    384  1      gi|42    21371    21430 
   259    445 -1      gi|47    10948    11005 
   260    385  1      gi|42    21739    21811 
   260    444 -1      gi|47    10901    10972 
   261    388  1      gi|42    33338    33434 
   261    737  1       gi|7    23834    23930 
   262    391  1      gi|43      136      707 
   262    601  1      gi|59    18261    18787 
   262    598  1      gi|59    13616    14098 
   263    392  1      gi|43      967     1387 
   263    605  1      gi|59    32699    33115 
   264    394  1      gi|43     2220     2335 
   265    399  1      gi|43    16798    18109 
   265    596  1      gi|59    10085    11389 
   266    406  1      gi|43    36277    36712 
   266    528  1      gi|53     1432     1586 
   266    531  1      gi|53    10027    10211 
   266    532  1      gi|53    10747    11107 
   267    409  1      gi|44    10566    10889 
   267    717 -1      gi|69     3606     3928 
   268    411  1      gi|44    14377    14655 
   268    759 -1      gi|70    20727    21326 
   268    780  1      gi|72     3677     3785 
   269    413  1      gi|44    20975    21873 
   269    482  1       gi|5     4322     5280 
   270    414  1      gi|44    21987    22093 
   270    819 -1      gi|75    11599    15088 
   270    561  1      gi|55    18533    22042 
   271    418  1      gi|44    32144    33262 
   271    579 -1      gi|57    15003    16197 
   271    674  1      gi|64    16040    16126 
   272    419  1      gi|44    36771    37949 
   272    769  1      gi|71    12626    13783 
   272    509  1      gi|51    14617    14928 
   273    420  1      gi|45     1740     1896 
   273    437  1      gi|46    22186    22345 
   274    422  1      gi|45     7105     7874 
   275    423  1      gi|45    11770    11848 
   275    448 -1      gi|47    25297    25351 
   275    814 -1      gi|74    32236    32286 
   276    426  1      gi|45    26557    27002 
   276    595  1      gi|59     1783     2215 
   277    427  1      gi|45    27093    27294 
   277    464  1      gi|49    13046    13267 
   278    432  1      gi|45    37783    38909 
   278    653 -1      gi|63     3102     4310 
   278    537  1      gi|53    23647    24346 
   278    714  1      gi|68    34294    34749 
   278    715  1      gi|68    35193    35319 
   279    434  1      gi|46     9774    11151 
   279    636  1      gi|61    24932    26426 
   280    440  1      gi|46    33301    33774 
   280    610  1       gi|6    18430    19126 
   281    447  1      gi|47    17663    17731 
   281    789  1      gi|72    21078    21152 
   282    451  1      gi|48      168     3219 
   283    452  1      gi|48     3757     4681 
   284    455  1      gi|48    11808    13353 
   284    623  1       gi|6    38423    39959 
   285    458  1      gi|48    19668    22542 
   286    466  1      gi|49    15917    15984 
   286    764 -1      gi|70    39438    39505 
   287    468  1      gi|49    21591    21719 
   287    661 -1      gi|63    28602    29431 
   287    796 -1      gi|73     3952     4769 
   288    473  1      gi|49    28519    28800 
   288    504  1      gi|50    38627    38903 
   289    476  1      gi|49    39106    40000 
   289    802  1      gi|73    18977    19880 
   290    477  1       gi|5      622     1982 
   290    837  1       gi|8    36787    38086 
   291    480  1       gi|5     3680     3855 
   291    690  1      gi|66    15006    15181 
   292    481  1       gi|5     4186     4415 
   293    485  1       gi|5    25823    26048 
   294    486  1       gi|5    27229    27295 
   294    771 -1      gi|71    18889    18952 
   295    488  1       gi|5    32386    33416 
   295    679  1      gi|65     4025     5064 
   296    489  1       gi|5    35577    37070 
   296    556 -1      gi|55     5565     7091 
   297    490  1       gi|5    37398    38714 
   297    558 -1      gi|55     9781    11069 
   298    492  1      gi|50    12146    13205 
   298    555 -1      gi|55        1     1061 
   298    568 -1      gi|56    20544    20692 
   298    590  1      gi|58    20548    21638 
   299    493  1      gi|50    13132    13642 
   299    526 -1      gi|52    39466    40000 
   300    505  1      gi|51     3201     3696 
   300    723 -1      gi|69    28916    29403 
   301    507  1      gi|51     8992     9150 
   301    638 -1      gi|61    32101    32274 
   302    515  1      gi|51    35448    35996 
   302    791  1      gi|72    24798    25724 
   303    538  1      gi|53    28458    32657 
   303    571  1      gi|56    27522    31722 
   303    807 -1      gi|73    38946    39724 
   303    541  1      gi|53    35805    36172 
   304    547  1      gi|54    16098    17348 
   304    795 -1      gi|73     1368     2594 
   305    565  1      gi|56     7426     7898 
   305    787 -1      gi|72    16095    16570 
   306    569  1      gi|56    25991    26893 
   306    826 -1      gi|76    12620    13517 
   306    855  1      gi|40     7623     7876 
   307    578  1      gi|57     9721    11042 
   307    618 -1       gi|6    32053    32168 
   307    709 -1      gi|68     7524     7620 
   307    761  1      gi|70    30797    31997 
   308    588  1      gi|58    14714    16112 
   309    592  1      gi|58    25202    25280 
   309    818  1      gi|75     9269    10663 
   309    621  1       gi|6    34503    35892 
   309    775  1      gi|71    28340    29728 
   310    593  1      gi|59       63      383 
   310    676 -1      gi|65      585      903 
   311    597  1      gi|59    11789    12344 
   312    611  1       gi|6    21730    22042 
   313    612  1       gi|6    22655    22745 
   313    772  1      gi|71    20491    20580 
   314    614  1       gi|6    23959    24138 
   315    625  1      gi|60    20151    20374 
   315    760 -1      gi|70    25999    26242 
   315    768  1      gi|71     5879     5999 
   316    627  1      gi|60    26747    27356 
   316    703  1      gi|67    29118    29727 
   317    637  1      gi|61    28051    28108 
   317    654  1      gi|63     4902     4966 
   318    639  1      gi|61    32906    33281 
   318    720 -1      gi|69    18308    18686 
   319    641  1      gi|62      260      651 
   320    642  1      gi|62     4655     4855 
   320    731 -1       gi|7    11567    11767 
   321    644  1      gi|62    12984    13088 
   321    832 -1      gi|76    30060    30160 
   322    646  1      gi|62    25049    25412 
   322    671  1      gi|64     8696     9065 
   323    647  1      gi|62    30741    30953 
   323    672 -1      gi|64    12336    12548 
   324    656  1      gi|63    10800    11481 
   324    835 -1       gi|8     8799     9479 
   325    658  1      gi|63    13751    13960 
   326    668  1      gi|64       30      102 
   326    718 -1      gi|69     8097    12708 
   327    673  1      gi|64    13696    14893 
   328    680  1      gi|65    10832    11791 
   329    682  1      gi|65    36080    36256 
   330    683  1      gi|65    36603    36747 
   331    688  1      gi|66     4466     5806 
   331    706  1      gi|68       95     1374 
   332    708  1      gi|68     4659     4807 
   333    716  1      gi|69      441      544 
   333    752  1      gi|70     9448     9547 
   334    719  1      gi|69    12822    13890 
   335    726  1      gi|69    39271    39992 
   335    844  1       gi|5    14075    14829 
   335    847 -1      gi|53     6487     7249 
   336    728  1       gi|7     8301     8437 
   337    734  1       gi|7    18519    18643 
   338    735  1       gi|7    21362    21871 
   339    741  1       gi|7    32240    32386 
   339    797  1      gi|73     8399     8526 
   340    747  1       gi|7    38788    39447 
   341    753  1      gi|70    14647    14702 
   341    852  1      gi|45    30708    30765 
   341    853  1      gi|70    16176    16233 
   341    854 -1      gi|40     3330     3388 
   342    792  1      gi|72    26011    26570 
   343    793  1      gi|72    27394    27511 
   343    831  1      gi|76    21984    22104 
   344    857  1      gi|76     6866     6959 
   344    858 -1      gi|62    34265    34783 
   344    860 -1      gi|40    20801    21266 
   345    861  1      gi|40    21320    21476 
