1 gi|1 3392 3634
2 gi|1 9175 9295
3 gi|1 15561 15732
4 gi|1 19365 20038
5 gi|1 20451 21873
6 gi|1 33924 34898
7 gi|1 38231 38866
8 gi|1 39863 39963
9 gi|10 2 2227
10 gi|10 2530 3388
11 gi|10 7279 8130
12 gi|10 8051 9525
13 gi|10 9802 10642
14 gi|10 11533 12490
15 gi|10 12575 12794
16 gi|10 16659 18426
17 gi|10 18995 19247
18 gi|10 19472 19673
19 gi|10 19642 19714
20 gi|10 19847 25323
21 gi|10 24773 26902
22 gi|10 27050 28289
23 gi|10 30212 30627
24 gi|10 37137 37364
25 gi|11 1 321
26 gi|11 2311 2419
27 gi|11 10933 11053
28 gi|11 14934 15649
29 gi|11 16137 16272
30 gi|11 21199 22114
31 gi|11 26239 27439
32 gi|11 28348 28826
33 gi|11 31698 32002
34 gi|11 31866 32302
35 gi|11 32350 33214
36 gi|11 34217 35304
37 gi|11 35516 36625
38 gi|11 38184 38757
39 gi|12 3122 3957
40 gi|12 12649 13792
41 gi|12 14008 14739
42 gi|12 17496 17581
43 gi|12 18005 18129
44 gi|12 18275 18372
45 gi|12 21844 22805
46 gi|12 23046 25234
47 gi|12 27990 28411
48 gi|12 28428 29177
49 gi|12 35350 35425
50 gi|13 2937 4372
51 gi|13 5840 6048
52 gi|13 7603 8565
53 gi|13 10682 10833
54 gi|13 16929 18075
55 gi|13 27563 28430
56 gi|13 28918 28997
57 gi|13 31591 32202
58 gi|13 35026 35337
59 gi|13 37933 39136
60 gi|14 1437 1647
61 gi|14 3659 4245
62 gi|14 11541 12638
63 gi|14 17152 17861
64 gi|14 19549 20463
65 gi|14 29416 29644
66 gi|14 33140 34981
67 gi|14 35409 37347
68 gi|15 1 3014
69 gi|15 3798 16869
70 gi|15 17307 39999
71 gi|16 3069 3172
72 gi|16 3487 4278
73 gi|16 11285 11365
74 gi|16 19599 19794
75 gi|16 20821 20984
76 gi|16 24456 32342
77 gi|16 32167 36862
78 gi|17 5489 5660
79 gi|17 5770 6136
80 gi|17 6271 6560
81 gi|17 7419 7534
82 gi|17 10281 10580
83 gi|17 11609 11728
84 gi|17 12334 12513
85 gi|17 18894 19047
86 gi|17 19027 19180
87 gi|17 21283 21583
88 gi|17 21991 23200
89 gi|17 25148 26350
90 gi|17 27184 27386
91 gi|17 28746 30177
92 gi|17 32687 32795
93 gi|17 37733 37788
94 gi|18 1266 1512
95 gi|18 2955 3397
96 gi|18 3909 4744
97 gi|18 9827 9947
98 gi|18 12551 13480
99 gi|18 15090 15678
100 gi|18 15872 16474
101 gi|18 17589 17731
102 gi|18 17787 18211
103 gi|18 18726 19461
104 gi|18 27066 27979
105 gi|18 28320 28458
106 gi|18 34323 34578
107 gi|18 35071 36384
108 gi|18 36744 37684
109 gi|18 38106 38752
110 gi|19 7422 9857
111 gi|19 13172 15105
112 gi|19 18688 19583
113 gi|19 21194 21518
114 gi|19 21438 22398
115 gi|19 24860 25302
116 gi|19 31192 31358
117 gi|19 32038 32313
118 gi|19 34237 34931
119 gi|19 37438 37537
120 gi|19 38422 39831
121 gi|2 781 1221
122 gi|2 1262 2030
123 gi|2 10957 12149
124 gi|2 12409 13029
125 gi|2 13420 13854
126 gi|2 17794 17882
127 gi|2 18269 19335
128 gi|2 23774 24911
129 gi|2 24914 25256
130 gi|2 25377 25733
131 gi|2 30797 31194
132 gi|2 39246 39454
133 gi|20 20764 20884
134 gi|20 21067 22479
135 gi|20 22551 23337
136 gi|20 27160 27849
137 gi|20 30266 30486
138 gi|20 33270 33424
139 gi|20 36618 36757
140 gi|20 36742 36899
141 gi|20 38909 39040
142 gi|20 39629 39991
143 gi|21 4802 4929
144 gi|21 6780 6908
145 gi|21 8756 8991
146 gi|21 10565 10709
147 gi|21 12243 13008
148 gi|21 18382 20269
149 gi|21 20324 22251
150 gi|21 22203 24011
151 gi|21 24231 24426
152 gi|21 26027 26296
153 gi|21 35160 35263
154 gi|22 3359 3519
155 gi|22 4878 4983
156 gi|22 9829 10520
157 gi|22 15820 16349
158 gi|22 18375 18569
159 gi|22 20432 20524
160 gi|22 29979 30150
161 gi|22 37097 38709
162 gi|23 9 764
163 gi|23 809 3657
164 gi|23 4576 6000
165 gi|23 7693 9006
166 gi|23 12717 12856
167 gi|23 16402 17971
168 gi|23 24819 24918
169 gi|23 30458 30757
170 gi|23 31608 31691
171 gi|24 723 3895
172 gi|24 9342 9484
173 gi|24 9465 9589
174 gi|24 10140 10415
175 gi|24 12557 12667
176 gi|24 24335 25148
177 gi|24 32158 32248
178 gi|25 4282 5185
179 gi|25 5453 5581
180 gi|25 6633 7209
181 gi|25 14892 16103
182 gi|25 16776 16852
183 gi|25 20773 21922
184 gi|25 35744 35826
185 gi|26 5436 7136
186 gi|26 10476 11285
187 gi|26 15225 16371
188 gi|26 17766 17928
189 gi|26 19789 20464
190 gi|26 23024 23201
191 gi|26 23713 25555
192 gi|26 30848 31249
193 gi|26 34460 34784
194 gi|26 34740 34986
195 gi|26 36244 37077
196 gi|26 38480 38605
197 gi|27 851 1166
198 gi|27 1607 1936
199 gi|27 8107 8788
200 gi|27 9843 10797
201 gi|27 12305 12431
202 gi|27 12646 13367
203 gi|27 25975 26167
204 gi|28 24 324
205 gi|28 16534 16647
206 gi|28 16665 17307
207 gi|28 23727 25396
208 gi|28 28140 28242
209 gi|28 28240 28993
210 gi|28 30387 31049
211 gi|29 549 706
212 gi|29 1898 2007
213 gi|29 4984 5134
214 gi|29 12567 12672
215 gi|29 19706 20388
216 gi|29 22247 22386
217 gi|29 26745 26857
218 gi|29 31195 31334
219 gi|29 31663 31708
220 gi|29 33569 33700
221 gi|29 34185 34334
222 gi|29 34547 35511
223 gi|29 36774 36983
224 gi|3 8621 9774
225 gi|3 9956 11027
226 gi|3 11794 14493
227 gi|3 14711 14801
228 gi|3 14933 16358
229 gi|3 22981 23824
230 gi|3 27528 28695
231 gi|3 30513 30722
232 gi|3 31734 31897
233 gi|3 33949 34085
234 gi|3 34347 34456
235 gi|3 34610 34741
236 gi|3 35233 35352
237 gi|30 187 614
238 gi|30 527 708
239 gi|30 720 810
240 gi|30 1042 1346
241 gi|30 2161 2601
242 gi|30 6141 6410
243 gi|30 6541 7222
244 gi|30 13876 14525
245 gi|30 28441 28618
246 gi|30 32063 32173
247 gi|30 38851 38906
248 gi|31 11327 12794
249 gi|31 12803 13399
250 gi|31 14075 14284
251 gi|31 27811 28009
252 gi|31 32316 32397
253 gi|31 33216 33370
254 gi|31 33929 34660
255 gi|31 35650 35938
256 gi|31 37332 38947
257 gi|32 826 1021
258 gi|32 2935 3057
259 gi|32 6247 6901
260 gi|32 15393 15891
261 gi|32 17340 18190
262 gi|32 21941 22465
263 gi|32 24002 25081
264 gi|32 32786 34046
265 gi|33 8405 9114
266 gi|33 12520 12903
267 gi|33 18988 19178
268 gi|33 19224 19427
269 gi|33 19895 20280
270 gi|33 20905 21642
271 gi|33 22817 23678
272 gi|33 24877 37614
273 gi|33 37686 39065
274 gi|34 2152 2324
275 gi|34 26023 26720
276 gi|34 30550 30713
277 gi|34 31400 31988
278 gi|35 1435 1604
279 gi|35 5099 5238
280 gi|35 12158 12387
281 gi|35 26950 28268
282 gi|35 39491 39966
283 gi|36 131 1002
284 gi|36 6310 6512
285 gi|36 16458 16618
286 gi|36 20137 20209
287 gi|36 23797 24604
288 gi|36 29686 29941
289 gi|36 36642 40000
290 gi|37 565 1514
291 gi|37 3831 4241
292 gi|37 8926 9148
293 gi|37 11677 12724
294 gi|37 14448 14573
295 gi|37 22764 22884
296 gi|37 24180 24488
297 gi|37 24696 26170
298 gi|37 26398 26607
299 gi|37 27354 27496
300 gi|37 27435 28032
301 gi|37 28676 28766
302 gi|37 29922 32627
303 gi|37 33624 33835
304 gi|37 37453 37613
305 gi|37 37701 37984
306 gi|37 39378 39461
307 gi|37 39519 39633
308 gi|38 1623 1935
309 gi|38 12850 13086
310 gi|38 14420 15572
311 gi|38 16035 17091
312 gi|38 18735 19114
313 gi|38 20662 20763
314 gi|38 22363 22721
315 gi|38 23476 25618
316 gi|38 25820 26902
317 gi|38 27957 29110
318 gi|38 32419 32526
319 gi|38 34686 35358
320 gi|38 35332 37216
321 gi|39 506 758
322 gi|39 1501 1639
323 gi|39 6736 6817
324 gi|39 6817 6949
325 gi|39 7213 7265
326 gi|39 9373 12849
327 gi|39 18907 21305
328 gi|39 21337 21788
329 gi|39 23190 24467
330 gi|39 24452 24536
331 gi|39 24761 24830
332 gi|39 24819 24969
333 gi|39 25231 25283
334 gi|39 27391 30753
335 gi|39 32252 32358
336 gi|39 37544 37927
337 gi|4 141 268
338 gi|4 6981 7069
339 gi|4 7126 8524
340 gi|4 21938 22267
341 gi|4 24677 24780
342 gi|4 28087 29201
343 gi|4 29387 31578
344 gi|4 31643 33797
345 gi|4 33873 35034
346 gi|40 737 876
347 gi|40 3326 3412
348 gi|40 3499 4101
349 gi|40 6325 6368
350 gi|40 7611 7881
351 gi|40 9283 11165
352 gi|40 11575 11905
353 gi|40 11874 12081
354 gi|40 12442 12557
355 gi|40 16993 18141
356 gi|40 20801 21476
357 gi|40 21268 21970
358 gi|40 24927 25650
359 gi|40 37803 37970
360 gi|41 390 1168
361 gi|41 1737 1866
362 gi|41 4026 4136
363 gi|41 5414 5647
364 gi|41 6191 6514
365 gi|41 6463 6705
366 gi|41 8096 8672
367 gi|41 10885 13777
368 gi|41 19572 19731
369 gi|41 21590 22356
370 gi|41 24667 24883
371 gi|41 26719 26864
372 gi|41 29512 30345
373 gi|41 33721 34198
374 gi|41 35028 36072
375 gi|41 36581 37729
376 gi|41 38174 39394
377 gi|41 39520 40000
378 gi|42 57 1312
379 gi|42 1669 3240
380 gi|42 3321 4154
381 gi|42 10047 10337
382 gi|42 13381 13538
383 gi|42 17553 17692
384 gi|42 21371 21430
385 gi|42 21739 21811
386 gi|42 27366 27458
387 gi|42 31871 31983
388 gi|42 33338 33434
389 gi|42 35236 35814
390 gi|42 39827 40000
391 gi|43 136 707
392 gi|43 967 1387
393 gi|43 1770 1946
394 gi|43 2220 2335
395 gi|43 4387 4586
396 gi|43 5900 7113
397 gi|43 11603 12040
398 gi|43 13647 16821
399 gi|43 16798 18109
400 gi|43 19879 19940
401 gi|43 25261 25370
402 gi|43 26514 26650
403 gi|43 30816 31094
404 gi|43 31258 31958
405 gi|43 36027 36294
406 gi|43 36277 36712
407 gi|43 36759 36850
408 gi|43 39030 39770
409 gi|44 10566 10889
410 gi|44 13507 13634
411 gi|44 14374 14655
412 gi|44 19826 20732
413 gi|44 20975 21873
414 gi|44 21987 22093
415 gi|44 22349 22469
416 gi|44 23558 25719
417 gi|44 27687 27775
418 gi|44 32144 33262
419 gi|44 36771 37949
420 gi|45 1740 1896
421 gi|45 2487 2683
422 gi|45 7105 7874
423 gi|45 11770 11848
424 gi|45 12909 13564
425 gi|45 23548 24657
426 gi|45 26557 27002
427 gi|45 27093 27294
428 gi|45 30684 30782
429 gi|45 33080 33249
430 gi|45 34045 34259
431 gi|45 34505 36118
432 gi|45 37783 38909
433 gi|46 3737 6417
434 gi|46 9774 11151
435 gi|46 12605 12779
436 gi|46 18512 20090
437 gi|46 22186 22345
438 gi|46 22637 24231
439 gi|46 33148 33418
440 gi|46 33301 33774
441 gi|46 36214 36663
442 gi|47 2855 3369
443 gi|47 6382 7150
444 gi|47 10901 10972
445 gi|47 10948 11005
446 gi|47 11029 11461
447 gi|47 17663 17731
448 gi|47 25297 25351
449 gi|47 28714 28992
450 gi|47 36028 36241
451 gi|48 168 3219
452 gi|48 3757 4681
453 gi|48 6264 6554
454 gi|48 8580 8933
455 gi|48 11808 13353
456 gi|48 15792 17207
457 gi|48 18812 20047
458 gi|48 19668 22542
459 gi|48 22690 27467
460 gi|48 28287 28923
461 gi|48 29558 31753
462 gi|48 32181 32299
463 gi|49 1 7927
464 gi|49 13046 13267
465 gi|49 14003 14521
466 gi|49 15917 15984
467 gi|49 16940 18374
468 gi|49 21591 21719
469 gi|49 23346 23438
470 gi|49 25010 25569
471 gi|49 25468 26933
472 gi|49 27316 28202
473 gi|49 28519 28800
474 gi|49 34717 34846
475 gi|49 37904 38265
476 gi|49 39106 40000
477 gi|5 622 1982
478 gi|5 2082 2300
479 gi|5 2704 2839
480 gi|5 3680 3855
481 gi|5 4186 4417
482 gi|5 4322 5280
483 gi|5 14075 15359
484 gi|5 23664 24073
485 gi|5 25823 26048
486 gi|5 27229 27295
487 gi|5 30461 31357
488 gi|5 32386 33416
489 gi|5 35577 37070
490 gi|5 37398 38714
491 gi|50 10296 10869
492 gi|50 12146 13205
493 gi|50 13132 13642
494 gi|50 14448 14555
495 gi|50 15348 15451
496 gi|50 16982 17831
497 gi|50 21107 21507
498 gi|50 24385 25290
499 gi|50 25661 26637
500 gi|50 32006 32273
501 gi|50 34537 35642
502 gi|50 35719 36895
503 gi|50 37306 38335
504 gi|50 38627 38903
505 gi|51 3201 3696
506 gi|51 7063 7637
507 gi|51 8992 9150
508 gi|51 9984 10111
509 gi|51 14617 14928
510 gi|51 15172 17150
511 gi|51 17492 17744
512 gi|51 19145 19792
513 gi|51 22302 22561
514 gi|51 33580 34308
515 gi|51 35448 35996
516 gi|51 36832 37055
517 gi|51 38944 39030
518 gi|52 4020 4687
519 gi|52 7132 7705
520 gi|52 8176 9380
521 gi|52 18916 19034
522 gi|52 27605 27777
523 gi|52 29315 29982
524 gi|52 30170 31789
525 gi|52 36812 36933
526 gi|52 39466 40000
527 gi|53 492 576
528 gi|53 1432 1586
529 gi|53 4912 5850
530 gi|53 5949 7249
531 gi|53 10027 10211
532 gi|53 10747 11107
533 gi|53 11468 11636
534 gi|53 14998 15780
535 gi|53 16597 17281
536 gi|53 22771 23028
537 gi|53 23647 24346
538 gi|53 28458 32657
539 gi|53 32777 32911
540 gi|53 34108 35624
541 gi|53 35805 36172
542 gi|53 37420 39353
543 gi|54 479 1466
544 gi|54 4606 5893
545 gi|54 9060 13827
546 gi|54 14074 14228
547 gi|54 16098 17348
548 gi|54 20402 22209
549 gi|54 24232 25438
550 gi|54 25424 26918
551 gi|54 29149 29384
552 gi|54 30537 31463
553 gi|54 36342 36446
554 gi|54 38812 39999
555 gi|55 1 1061
556 gi|55 5565 7091
557 gi|55 8507 9313
558 gi|55 9781 11069
559 gi|55 11350 13090
560 gi|55 14368 15085
561 gi|55 18533 22042
562 gi|55 27449 28397
563 gi|56 1289 2321
564 gi|56 4498 5144
565 gi|56 7426 7898
566 gi|56 13654 13734
567 gi|56 16073 17149
568 gi|56 20544 20692
569 gi|56 25991 26893
570 gi|56 26812 27057
571 gi|56 27522 31722
572 gi|56 31749 33217
573 gi|56 38172 39779
574 gi|57 2867 3669
575 gi|57 3918 4455
576 gi|57 6021 6119
577 gi|57 8160 9377
578 gi|57 9721 11042
579 gi|57 15003 16197
580 gi|57 17885 18045
581 gi|57 26723 26895
582 gi|57 36460 36588
583 gi|57 37470 38036
584 gi|58 8186 8859
585 gi|58 9330 10919
586 gi|58 12089 12281
587 gi|58 12375 14171
588 gi|58 14714 16112
589 gi|58 17804 18934
590 gi|58 20548 21638
591 gi|58 24197 24314
592 gi|58 25202 25280
593 gi|59 63 383
594 gi|59 715 1152
595 gi|59 1783 2215
596 gi|59 10085 11389
597 gi|59 11789 12344
598 gi|59 13616 14098
599 gi|59 16672 17074
600 gi|59 17627 17929
601 gi|59 18261 18787
602 gi|59 22877 24315
603 gi|59 27649 28429
604 gi|59 31366 32110
605 gi|59 32699 33115
606 gi|6 108 219
607 gi|6 4339 4746
608 gi|6 16032 16262
609 gi|6 18346 18486
610 gi|6 18430 19126
611 gi|6 21730 22042
612 gi|6 22655 22745
613 gi|6 22770 23153
614 gi|6 23959 24138
615 gi|6 27678 28025
616 gi|6 28408 29147
617 gi|6 29217 29966
618 gi|6 32053 32168
619 gi|6 32353 32630
620 gi|6 33241 33646
621 gi|6 34503 35894
622 gi|6 37917 38298
623 gi|6 38423 39959
624 gi|60 16385 17447
625 gi|60 20151 20375
626 gi|60 20830 21196
627 gi|60 26747 27356
628 gi|61 4445 4508
629 gi|61 4995 5120
630 gi|61 5842 5975
631 gi|61 6402 6528
632 gi|61 8838 8978
633 gi|61 10158 11397
634 gi|61 14679 14784
635 gi|61 23115 23249
636 gi|61 24932 26430
637 gi|61 28051 28108
638 gi|61 32101 32274
639 gi|61 32906 33281
640 gi|61 36825 37004
641 gi|62 260 651
642 gi|62 4655 4855
643 gi|62 9842 10015
644 gi|62 12984 13088
645 gi|62 23831 24727
646 gi|62 25049 25412
647 gi|62 30741 30953
648 gi|62 31094 32267
649 gi|62 34265 34994
650 gi|62 35112 35566
651 gi|62 38677 38738
652 gi|63 2830 3056
653 gi|63 3102 4310
654 gi|63 4902 4966
655 gi|63 9030 9367
656 gi|63 10800 11481
657 gi|63 11924 12058
658 gi|63 13751 13960
659 gi|63 14734 15057
660 gi|63 17474 18296
661 gi|63 28602 29431
662 gi|63 30173 30705
663 gi|63 32308 33429
664 gi|63 33491 34585
665 gi|63 34757 35609
666 gi|63 36009 36320
667 gi|63 37603 38060
668 gi|64 30 102
669 gi|64 2554 4847
670 gi|64 8453 8595
671 gi|64 8696 9065
672 gi|64 12336 12548
673 gi|64 13696 14893
674 gi|64 16040 16126
675 gi|64 23364 23493
676 gi|65 585 903
677 gi|65 1856 2920
678 gi|65 2846 3737
679 gi|65 4025 5064
680 gi|65 10832 11791
681 gi|65 18218 18302
682 gi|65 36080 36256
683 gi|65 36603 36747
684 gi|65 36685 37752
685 gi|65 37731 38011
686 gi|65 39048 39857
687 gi|66 4001 4363
688 gi|66 4466 5806
689 gi|66 7497 9082
690 gi|66 15006 15181
691 gi|66 19035 19993
692 gi|66 23937 25183
693 gi|66 28357 28477
694 gi|66 28668 30422
695 gi|66 39811 39952
696 gi|67 1981 2074
697 gi|67 2353 2579
698 gi|67 2622 2759
699 gi|67 10542 10643
700 gi|67 23301 25996
701 gi|67 26099 26215
702 gi|67 27522 27635
703 gi|67 29118 29727
704 gi|67 34435 35265
705 gi|67 36983 38468
706 gi|68 95 1374
707 gi|68 1775 1902
708 gi|68 4659 4807
709 gi|68 7524 7620
710 gi|68 18057 19681
711 gi|68 23092 24257
712 gi|68 29659 33159
713 gi|68 33876 33997
714 gi|68 34294 34749
715 gi|68 35193 35319
716 gi|69 441 544
717 gi|69 3606 3928
718 gi|69 8097 12708
719 gi|69 12822 13894
720 gi|69 18308 18686
721 gi|69 22027 22942
722 gi|69 26399 26994
723 gi|69 28916 29403
724 gi|69 29853 30022
725 gi|69 31353 31446
726 gi|69 39269 39992
727 gi|7 8243 8290
728 gi|7 8301 8437
729 gi|7 8674 8750
730 gi|7 10474 10892
731 gi|7 11567 11767
732 gi|7 16148 17078
733 gi|7 17939 18167
734 gi|7 18519 18643
735 gi|7 21362 21871
736 gi|7 23053 23475
737 gi|7 23834 23930
738 gi|7 26040 26125
739 gi|7 28693 28839
740 gi|7 30778 30876
741 gi|7 32240 32386
742 gi|7 34397 34458
743 gi|7 34742 34986
744 gi|7 35930 36009
745 gi|7 36508 36697
746 gi|7 37547 38094
747 gi|7 38788 39447
748 gi|70 1 1623
749 gi|70 2179 5138
750 gi|70 5702 8052
751 gi|70 8725 8894
752 gi|70 9448 9547
753 gi|70 14647 14702
754 gi|70 14968 15154
755 gi|70 15111 15263
756 gi|70 16176 16249
757 gi|70 16282 16361
758 gi|70 17458 17577
759 gi|70 20722 21326
760 gi|70 25999 26242
761 gi|70 30797 31997
762 gi|70 36125 38328
763 gi|70 38457 38563
764 gi|70 39438 39505
765 gi|71 570 1193
766 gi|71 1407 2217
767 gi|71 2179 2305
768 gi|71 5879 5999
769 gi|71 12626 13783
770 gi|71 16641 17200
771 gi|71 18889 18952
772 gi|71 20491 20580
773 gi|71 23175 23658
774 gi|71 26441 28134
775 gi|71 28340 29730
776 gi|71 36986 37225
777 gi|71 38934 39786
778 gi|72 1839 1935
779 gi|72 2759 2842
780 gi|72 3677 3795
781 gi|72 3756 3883
782 gi|72 7706 8301
783 gi|72 9668 11135
784 gi|72 12396 12524
785 gi|72 12758 13857
786 gi|72 13913 14751
787 gi|72 16095 16570
788 gi|72 18285 18996
789 gi|72 21078 21152
790 gi|72 21297 21626
791 gi|72 24798 25724
792 gi|72 26011 26570
793 gi|72 27394 27511
794 gi|72 39730 39981
795 gi|73 1368 2594
796 gi|73 3952 4769
797 gi|73 8399 8526
798 gi|73 9537 10588
799 gi|73 10617 11886
800 gi|73 12623 13372
801 gi|73 15380 15982
802 gi|73 18977 19880
803 gi|73 24271 24442
804 gi|73 27239 27570
805 gi|73 32205 32370
806 gi|73 38178 38668
807 gi|73 38946 39724
808 gi|74 3277 3471
809 gi|74 9216 12085
810 gi|74 16650 17706
811 gi|74 20314 21723
812 gi|74 24432 25574
813 gi|74 25699 26178
814 gi|74 32236 32286
815 gi|74 39098 39168
816 gi|75 1 2614
817 gi|75 1721 4936
818 gi|75 9269 10663
819 gi|75 11599 15088
820 gi|75 15472 16806
821 gi|75 17231 36367
822 gi|75 36335 39999
823 gi|76 1519 4428
824 gi|76 6141 6959
825 gi|76 8470 9808
826 gi|76 12620 13517
827 gi|76 15544 17229
828 gi|76 17405 19306
829 gi|76 19657 19742
830 gi|76 20469 20636
831 gi|76 21984 22104
832 gi|76 30060 30160
833 gi|76 31011 32213
834 gi|8 1 254
835 gi|8 8799 9479
836 gi|8 34621 34714
837 gi|8 36787 38086
838 gi|9 186 801
839 gi|9 5200 5667
840 gi|9 7583 7668
