0 330 gi|1 1203 1274 
2 2785 gi|1 4862 6737 
4 1729 gi|1 7093 8291 
8 302 gi|1 14810 14845 
6 315 gi|1 14810 14843 
10 301 gi|1 16662 17113 
12 491 gi|1 17682 18054 
14 266 gi|1 20022 20152 
16 264 gi|1 20653 20848 
18 270 gi|1 20724 20843 
20 911 gi|1 22288 22386 
22 336 gi|1 22290 22392 
24 264 gi|1 25991 26126 
26 293 gi|1 30055 30187 
28 276 gi|1 30068 30187 
32 280 gi|1 35355 35390 
30 295 gi|1 35355 35388 
34 610 gi|1 37668 38363 
656 832 gi|10 1295 2439 
658 1661 gi|10 1538 2461 
109 264 gi|10 8807 8867 
660 525 gi|10 9416 9890 
293 438 gi|10 23416 23558 
662 253 gi|10 30664 30708 
664 2352 gi|10 32265 33648 
666 3310 gi|10 32316 33653 
668 535 gi|10 33765 34067 
670 762 gi|10 33769 34100 
672 402 gi|10 33775 34062 
674 615 gi|10 34628 34699 
676 264 gi|10 34998 35167 
678 262 gi|10 36067 36153 
680 1142 gi|10 39347 40146 
682 822 gi|10 39367 40056 
684 2178 gi|10 39368 40145 
390 504 gi|11 217 694 
392 777 gi|11 225 391 
394 681 gi|11 264 338 
396 680 gi|11 265 337 
398 253 gi|11 274 439 
23 336 gi|11 356 455 
400 431 gi|11 457 879 
402 633 gi|11 459 532 
404 661 gi|11 466 708 
406 306 gi|11 466 701 
408 290 gi|11 468 973 
410 329 gi|11 469 634 
412 401 gi|11 469 613 
414 415 gi|11 534 1067 
416 285 gi|11 544 983 
418 393 gi|11 621 793 
420 681 gi|11 632 707 
422 534 gi|11 648 1015 
424 300 gi|11 729 880 
426 510 gi|11 732 1051 
428 1336 gi|11 784 975 
430 370 gi|11 803 1260 
432 435 gi|11 806 1018 
434 442 gi|11 808 978 
436 376 gi|11 810 969 
438 320 gi|11 811 1109 
440 306 gi|11 820 969 
442 346 gi|11 888 1051 
444 349 gi|11 906 1069 
446 418 gi|11 911 1065 
448 795 gi|11 984 1068 
450 369 gi|11 1073 1339 
21 911 gi|11 1079 1177 
452 299 gi|11 1094 1253 
454 315 gi|11 1174 1502 
456 299 gi|11 1177 1249 
458 592 gi|11 1180 1632 
460 789 gi|11 1185 1346 
462 310 gi|11 1191 1249 
464 454 gi|11 1193 1504 
466 405 gi|11 1193 1420 
470 297 gi|11 1194 1594 
468 510 gi|11 1194 1550 
472 258 gi|11 1254 1329 
474 274 gi|11 1258 1503 
476 464 gi|11 1258 1420 
478 584 gi|11 1265 1469 
480 2184 gi|11 1341 1609 
482 382 gi|11 1361 1778 
484 267 gi|11 1365 1503 
486 301 gi|11 1428 1594 
488 284 gi|11 1431 1598 
490 301 gi|11 1439 1507 
492 261 gi|11 1445 1595 
494 291 gi|11 1526 1602 
496 2369 gi|11 1600 2078 
498 260 gi|11 1608 1698 
502 510 gi|11 1711 2177 
500 734 gi|11 1711 1959 
504 298 gi|11 1711 1785 
506 276 gi|11 1716 1912 
508 45076 gi|11 1717 7026 
510 392 gi|11 1721 2069 
512 289 gi|11 1722 1829 
514 397 gi|11 1725 2069 
516 511 gi|11 1780 1958 
518 448 gi|11 1784 2079 
520 338 gi|11 1883 2070 
522 664 gi|11 1885 2197 
526 256 gi|11 1885 1974 
524 764 gi|11 1885 1965 
528 397 gi|11 1888 2177 
530 293 gi|11 1991 2084 
532 272 gi|11 1993 2115 
534 1303 gi|11 1996 2185 
536 420 gi|11 1998 2231 
538 325 gi|11 2001 2186 
540 451 gi|11 2104 2187 
542 251 gi|11 2104 2177 
544 400 gi|11 2106 2179 
546 44775 gi|11 2189 7026 
548 44837 gi|11 2205 7026 
550 1312 gi|11 7092 7312 
552 903 gi|11 7092 7251 
554 897 gi|11 7092 7251 
27 293 gi|11 7184 7325 
556 315 gi|11 7240 7338 
558 264 gi|11 12924 13231 
560 480 gi|11 13705 14450 
562 267 gi|11 13786 14452 
215 400 gi|11 14000 14534 
564 437 gi|11 16060 16386 
566 465 gi|11 16580 16728 
568 1039 gi|11 16812 17352 
570 254 gi|11 22029 22080 
572 354 gi|11 22842 22917 
574 303 gi|11 22847 22910 
576 637 gi|11 24045 24556 
578 535 gi|11 32845 32995 
580 492 gi|11 32858 33132 
582 469 gi|11 32866 32983 
584 507 gi|11 32876 33206 
586 321 gi|11 32876 33126 
588 480 gi|11 32878 33471 
590 364 gi|11 33776 34509 
592 299 gi|11 33943 34096 
594 609 gi|11 34550 35248 
596 407 gi|11 34557 35585 
598 404 gi|11 34919 35140 
600 552 gi|11 34977 35191 
602 279 gi|11 34980 35191 
604 514 gi|11 35866 36619 
606 509 gi|11 36948 37305 
608 494 gi|11 37007 37272 
610 468 gi|11 37030 37314 
612 400 gi|11 37079 37377 
614 299 gi|11 37089 37746 
616 403 gi|11 37094 37323 
618 483 gi|11 37986 38249 
620 563 gi|11 38822 39476 
622 260 gi|11 38864 39040 
624 480 gi|11 39208 39407 
626 397 gi|11 39221 39373 
628 497 gi|11 39251 39397 
632 463 gi|11 39253 39759 
630 368 gi|11 39253 39370 
551 1312 gi|12 84 303 
29 276 gi|12 84 217 
294 314 gi|12 84 201 
509 45076 gi|12 305 5650 
533 272 gi|12 5131 5250 
415 415 gi|12 5162 5748 
403 633 gi|12 5165 5238 
409 290 gi|12 5166 5728 
296 477 gi|12 5170 5546 
501 734 gi|12 5170 5445 
465 454 gi|12 5171 5539 
407 306 gi|12 5172 5436 
463 310 gi|12 5173 5229 
459 592 gi|12 5216 5740 
575 303 gi|12 5246 5309 
503 510 gi|12 5249 5737 
523 664 gi|12 5359 5659 
298 325 gi|12 5369 5447 
405 661 gi|12 5370 5647 
300 709 gi|12 5370 5445 
437 376 gi|12 5377 5553 
467 405 gi|12 5378 5643 
433 435 gi|12 5414 5664 
439 320 gi|12 5417 5740 
481 2184 gi|12 5465 5754 
302 341 gi|12 5475 5578 
304 404 gi|12 5479 5659 
475 274 gi|12 5482 5741 
306 326 gi|12 5482 5650 
308 271 gi|12 5482 5560 
529 397 gi|12 5483 5740 
310 275 gi|12 5483 5556 
312 816 gi|12 5554 5817 
539 325 gi|12 5578 5740 
447 418 gi|12 5578 5727 
314 276 gi|12 5586 5727 
493 261 gi|12 5586 5727 
316 296 gi|12 5587 5727 
541 451 gi|12 5662 5749 
573 354 gi|12 5662 5737 
555 897 gi|12 5748 5910 
547 44775 gi|12 5912 10742 
318 572 gi|12 10741 10815 
553 903 gi|12 10746 10908 
549 44837 gi|12 10910 15726 
320 276 gi|12 15727 15763 
33 280 gi|12 15727 15762 
9 302 gi|12 15727 15762 
322 1111 gi|12 19767 21639 
127 276 gi|12 19773 19986 
115 313 gi|12 20755 21138 
324 278 gi|12 20764 21014 
326 265 gi|12 20778 21552 
119 350 gi|12 20780 21029 
328 269 gi|12 20789 21030 
330 319 gi|12 29436 29836 
431 370 gi|12 33613 34050 
435 442 gi|12 33614 33773 
395 681 gi|12 33616 33690 
332 733 gi|12 33617 33945 
334 291 gi|12 33617 33759 
336 668 gi|12 33617 33690 
483 382 gi|12 33624 34025 
391 504 gi|12 33630 34081 
479 584 gi|12 33652 33844 
423 534 gi|12 33663 34019 
469 510 gi|12 33666 34019 
507 276 gi|12 33667 33844 
451 369 gi|12 33691 33959 
535 1303 gi|12 33694 33855 
517 511 gi|12 33700 33861 
338 394 gi|12 33700 33799 
515 397 gi|12 33702 34019 
487 301 gi|12 33702 33855 
340 325 gi|12 33702 33836 
427 510 gi|12 33707 34019 
342 358 gi|12 33764 33837 
543 251 gi|12 33782 33855 
344 304 gi|12 33957 34077 
675 615 gi|12 33959 34031 
706 300 gi|13 25 274 
708 469 gi|13 5521 6489 
710 251 gi|13 12609 12699 
712 364 gi|13 15604 15771 
714 325 gi|13 22390 22584 
716 255 gi|13 22444 22581 
718 266 gi|13 22936 23020 
241 293 gi|13 24048 24165 
720 251 gi|13 24180 24320 
722 400 gi|13 27279 27427 
724 518 gi|13 28805 28961 
726 651 gi|13 38091 38508 
57 263 gi|13 39958 40012 
728 263 gi|13 40074 40147 
686 311 gi|14 10272 10656 
688 274 gi|14 26138 26826 
79 324 gi|14 30414 30562 
690 252 gi|14 30417 30654 
692 302 gi|14 30419 30646 
694 370 gi|14 30423 30691 
696 299 gi|14 30928 31371 
698 348 gi|14 30953 31499 
700 273 gi|14 31235 31344 
702 251 gi|14 31245 31362 
704 250 gi|14 37188 37266 
129 455 gi|15 4468 4884 
778 348 gi|15 4574 4757 
780 1485 gi|15 10767 11744 
71 692 gi|15 15465 16123 
93 615 gi|15 15552 16036 
782 473 gi|15 15677 16162 
784 457 gi|15 15683 16122 
786 541 gi|15 15683 16036 
788 524 gi|15 15722 16119 
790 297 gi|15 15865 15905 
792 257 gi|15 15869 15946 
794 560 gi|15 17371 18042 
89 794 gi|15 17377 18013 
77 317 gi|15 17389 17979 
796 342 gi|15 17410 17624 
798 391 gi|15 17566 17930 
800 570 gi|15 17701 17970 
802 1568 gi|15 19843 20840 
804 465 gi|15 20046 20580 
806 484 gi|15 20065 20608 
808 348 gi|15 20067 20634 
195 452 gi|15 20080 20521 
810 336 gi|15 20097 20587 
812 321 gi|15 20228 20495 
814 312 gi|15 20389 20595 
818 313 gi|15 20391 20630 
816 322 gi|15 20391 20613 
820 283 gi|15 20391 20485 
824 270 gi|15 20398 20630 
822 252 gi|15 20398 20515 
826 263 gi|15 20400 20637 
163 258 gi|15 20401 20488 
828 266 gi|15 20406 20575 
830 417 gi|15 21560 21858 
832 260 gi|15 23948 24139 
834 856 gi|15 24326 25529 
836 1721 gi|15 25897 26449 
838 885 gi|15 26004 26452 
840 277 gi|15 26100 26338 
842 313 gi|15 27388 27703 
844 299 gi|15 27401 27585 
846 375 gi|15 27451 27615 
848 250 gi|15 28323 28457 
850 268 gi|15 30841 30903 
852 1544 gi|15 31143 32142 
235 1769 gi|15 31181 32123 
854 424 gi|15 32411 32619 
856 796 gi|15 33514 34145 
858 299 gi|15 33539 33607 
860 263 gi|15 33827 34074 
569 1039 gi|15 35093 35631 
862 252 gi|15 37018 37071 
864 1379 gi|15 37679 39366 
707 300 gi|16 1259 1508 
890 409 gi|16 1744 1913 
892 264 gi|16 17624 17847 
894 546 gi|16 17656 17981 
567 465 gi|17 4319 4471 
730 798 gi|17 10921 11163 
732 256 gi|17 13126 13223 
734 1603 gi|17 14067 14810 
719 266 gi|17 14476 14545 
736 354 gi|17 16196 17088 
738 269 gi|17 16532 16713 
740 252 gi|17 17757 17932 
742 1010 gi|17 18523 19634 
103 294 gi|17 21232 21641 
744 266 gi|17 21245 21420 
746 2205 gi|17 25075 25974 
748 496 gi|17 29509 29952 
750 642 gi|17 29529 30445 
752 265 gi|17 30273 30410 
754 348 gi|17 30279 30427 
756 932 gi|17 32967 33273 
758 1118 gi|17 33008 33246 
760 890 gi|17 33008 33244 
762 1125 gi|17 33010 33244 
764 793 gi|17 33010 33244 
635 697 gi|17 33012 33139 
766 644 gi|17 33035 33287 
768 294 gi|17 34108 34170 
770 401 gi|17 35716 36126 
772 284 gi|17 36628 36728 
673 402 gi|17 38093 38380 
774 480 gi|17 38125 38406 
776 282 gi|17 38211 38377 
81 258 gi|18 16569 16650 
866 331 gi|18 16572 16698 
741 252 gi|18 20661 20833 
868 325 gi|18 20670 20852 
870 1518 gi|18 25801 26767 
872 417 gi|18 25817 26328 
874 463 gi|18 25836 26696 
878 913 gi|18 25870 27258 
876 989 gi|18 25870 27143 
880 292 gi|18 26104 26693 
882 372 gi|18 26246 26696 
884 499 gi|18 31015 31573 
886 252 gi|18 32859 33039 
888 630 gi|18 39618 40081 
41 265 gi|19 2090 2197 
39 280 gi|19 2343 2450 
896 250 gi|19 8087 8148 
898 277 gi|19 13971 14142 
900 283 gi|19 13997 14143 
227 643 gi|19 18009 18741 
902 394 gi|19 18178 18789 
904 269 gi|19 18221 18547 
906 2573 gi|19 21669 23055 
908 2855 gi|19 21714 23094 
910 755 gi|19 22077 23077 
912 592 gi|19 22190 23094 
914 366 gi|19 22194 23088 
883 372 gi|19 22200 22656 
916 4279 gi|19 24871 26413 
918 289 gi|19 25131 25232 
920 391 gi|19 25137 25885 
213 291 gi|19 25140 25887 
563 267 gi|19 25140 25809 
922 4104 gi|19 26623 27845 
565 437 gi|19 28089 28421 
924 279 gi|19 32678 32745 
259 286 gi|19 38339 39003 
242 423 gi|2 421 606 
244 326 gi|2 1364 1566 
246 260 gi|2 1379 1473 
248 690 gi|2 1958 2219 
250 409 gi|2 2018 2258 
252 582 gi|2 4409 5397 
254 373 gi|2 17464 17622 
256 288 gi|2 18032 18160 
258 286 gi|2 19646 20301 
260 266 gi|2 24079 24203 
262 282 gi|2 24305 24453 
264 806 gi|2 28484 28698 
266 475 gi|2 30030 30311 
268 2886 gi|2 31477 31927 
270 1198 gi|2 32215 32591 
272 3558 gi|2 33407 34010 
274 2725 gi|2 34305 35280 
276 1224 gi|2 36429 36851 
278 3074 gi|2 37105 37977 
865 1379 gi|20 23072 24764 
926 267 gi|20 33778 33882 
928 272 gi|20 33858 34065 
899 277 gi|20 33888 34050 
1076 370 gi|21 2891 2986 
1078 564 gi|21 4693 5232 
885 499 gi|21 6629 7183 
1080 267 gi|21 8873 9129 
1082 318 gi|21 12888 13026 
303 341 gi|21 12933 13029 
473 258 gi|21 12944 13022 
495 291 gi|21 12951 13029 
1084 286 gi|21 12959 13074 
1086 2080 gi|21 14975 16290 
285 2185 gi|21 19402 22702 
1088 252 gi|21 19686 19780 
1090 261 gi|21 20551 20640 
1092 968 gi|21 28682 29187 
179 283 gi|21 31684 31901 
181 1634 gi|21 32181 33308 
1094 816 gi|21 32594 33375 
1098 266 gi|21 32677 33237 
1096 268 gi|21 32677 32901 
1100 279 gi|21 32688 32903 
807 484 gi|21 32693 33239 
1102 262 gi|21 32724 32898 
1104 518 gi|21 32764 33249 
1106 504 gi|21 32775 33122 
1108 260 gi|21 33136 33245 
1110 330 gi|21 33173 33240 
1112 266 gi|21 33536 33627 
199 255 gi|21 34039 34099 
203 920 gi|21 34568 35186 
1114 694 gi|21 34574 35083 
1116 272 gi|21 34855 34983 
1118 260 gi|21 38189 38289 
231 680 gi|22 2565 2814 
1052 354 gi|22 2602 2764 
1054 457 gi|22 6709 7374 
1056 533 gi|22 9575 10791 
331 319 gi|22 9622 10027 
1077 370 gi|22 10798 10896 
1058 254 gi|22 10825 10895 
1060 264 gi|22 14121 14399 
1062 347 gi|22 17303 17604 
1064 2647 gi|22 20419 22747 
731 798 gi|22 24501 24741 
1066 1408 gi|22 32226 32404 
1068 1151 gi|22 32228 32402 
1072 1175 gi|22 32229 32402 
1070 1307 gi|22 32229 32401 
765 793 gi|22 32229 32401 
1074 489 gi|22 32231 32303 
645 409 gi|22 32340 32430 
1014 258 gi|23 3910 3995 
701 273 gi|23 4274 4388 
161 258 gi|23 4277 4393 
1016 373 gi|23 4283 4519 
1018 335 gi|23 4283 4519 
1020 271 gi|23 4284 4380 
1022 495 gi|23 4287 4740 
693 302 gi|23 4290 4520 
1024 253 gi|23 4304 4394 
1026 263 gi|23 4304 4394 
1028 285 gi|23 4305 4394 
1030 254 gi|23 4305 4342 
1081 267 gi|23 11843 12102 
1032 346 gi|23 13245 13469 
1034 895 gi|23 13508 14303 
25 264 gi|23 17876 18011 
1036 260 gi|23 18280 18328 
1038 305 gi|23 21404 21727 
1061 264 gi|23 21605 21866 
671 762 gi|23 22664 22995 
1040 383 gi|23 22682 22995 
775 480 gi|23 22734 23016 
699 348 gi|23 23955 24463 
745 266 gi|23 24306 24487 
1042 277 gi|23 24925 25034 
1044 251 gi|23 26861 27271 
1046 335 gi|23 28739 28909 
1048 256 gi|23 28769 28975 
1050 631 gi|23 38485 39148 
577 637 gi|24 10792 11303 
930 270 gi|24 29444 29576 
932 424 gi|24 29483 29780 
934 477 gi|24 29534 29793 
938 450 gi|24 29534 29793 
936 461 gi|24 29534 29788 
940 380 gi|24 29534 29767 
942 373 gi|24 29536 29835 
944 360 gi|24 29536 29835 
946 274 gi|24 29668 29838 
948 720 gi|24 30264 31192 
950 384 gi|24 30668 31167 
952 462 gi|24 30676 31191 
954 270 gi|24 30695 30771 
956 290 gi|24 30908 31206 
958 268 gi|24 30912 31119 
960 295 gi|24 30916 31002 
964 263 gi|24 30923 31191 
962 333 gi|24 30923 31155 
966 319 gi|24 30939 31119 
968 314 gi|24 30939 31119 
970 295 gi|24 30940 31202 
972 312 gi|24 31361 31736 
974 266 gi|24 31604 32988 
976 472 gi|24 31608 31998 
980 272 gi|24 32762 32991 
982 263 gi|24 32762 32991 
978 353 gi|24 32762 32982 
984 257 gi|24 32762 32964 
986 319 gi|24 32881 32991 
988 263 gi|24 32897 32994 
990 528 gi|24 33701 34293 
992 375 gi|24 33734 33930 
994 466 gi|24 33876 34307 
998 388 gi|24 33881 34338 
996 304 gi|24 33881 33937 
1000 251 gi|24 33884 33940 
1002 286 gi|24 34079 34313 
1004 301 gi|24 34081 34286 
1006 265 gi|24 34091 34294 
1008 369 gi|24 34097 34361 
1010 266 gi|24 34127 34286 
1012 252 gi|24 37924 38039 
1154 1679 gi|25 15 1797 
1156 1799 gi|25 217 1743 
1158 1604 gi|25 218 1791 
1160 2270 gi|25 373 1825 
1162 479 gi|25 1463 1790 
1164 262 gi|25 1515 1598 
1166 462 gi|25 1548 1827 
937 461 gi|25 1556 1809 
1168 409 gi|25 2650 3131 
1170 1525 gi|25 2681 4845 
1172 2297 gi|25 2818 4881 
1174 395 gi|25 2818 3084 
1176 327 gi|25 2870 3248 
1003 286 gi|25 2871 3099 
1180 367 gi|25 2883 3155 
1178 309 gi|25 2883 3084 
1182 300 gi|25 2884 3167 
963 333 gi|25 2888 3120 
1184 1417 gi|25 3491 4898 
1186 1154 gi|25 3512 4849 
1188 408 gi|25 4642 4930 
1190 258 gi|25 4769 4884 
1192 280 gi|25 5258 5329 
1194 360 gi|25 5625 5848 
1001 251 gi|25 5795 5851 
1198 255 gi|25 5974 6186 
1196 262 gi|25 5974 6069 
1200 460 gi|25 5975 6133 
1202 389 gi|25 5992 6361 
1204 313 gi|25 6019 6251 
1206 419 gi|25 6020 6251 
1208 4352 gi|25 6434 9463 
1210 882 gi|25 6538 7769 
1212 443 gi|25 6567 7474 
1214 1399 gi|25 7992 9462 
1216 1941 gi|25 7997 9462 
1218 308 gi|25 9135 9453 
1220 386 gi|25 9215 9471 
1222 415 gi|25 9223 9463 
987 319 gi|25 9355 9462 
1224 350 gi|25 9368 9461 
1226 960 gi|25 9833 10417 
1228 803 gi|25 9859 10650 
951 384 gi|25 10324 10791 
1230 520 gi|25 10343 10823 
1232 464 gi|25 10343 10705 
1234 269 gi|25 10346 10415 
1236 315 gi|25 10346 10408 
1238 315 gi|25 10346 10408 
1240 290 gi|25 10352 10408 
997 304 gi|25 10355 10414 
1242 452 gi|25 10361 10678 
1244 1818 gi|25 11066 12579 
1246 2316 gi|25 11146 12607 
1248 1711 gi|25 11147 12573 
1250 1621 gi|25 11167 12525 
1252 451 gi|25 12330 12572 
1254 426 gi|25 12330 12572 
939 450 gi|25 12338 12600 
1256 343 gi|25 13459 13806 
1258 372 gi|25 13466 13968 
1262 320 gi|25 13481 13954 
1260 299 gi|25 13481 13810 
1264 391 gi|25 13634 13781 
1266 445 gi|25 13642 13876 
1268 403 gi|25 13642 13876 
1270 262 gi|25 13666 13879 
1272 1733 gi|25 14239 15329 
1274 1706 gi|25 14258 17167 
1276 850 gi|25 14456 15324 
1278 487 gi|25 15652 16075 
1280 1127 gi|25 15687 17219 
1282 600 gi|25 16266 17167 
1284 431 gi|25 16910 17157 
1286 259 gi|25 16916 17162 
1288 273 gi|25 17070 17166 
949 720 gi|25 17650 18530 
1290 343 gi|25 18029 18505 
1292 1308 gi|25 18038 19851 
1294 462 gi|25 18056 18337 
1296 1900 gi|25 18058 20339 
1298 537 gi|25 18058 18336 
1300 455 gi|25 18060 18331 
1302 316 gi|25 18075 18463 
1304 1362 gi|25 18233 20267 
1306 279 gi|25 18253 18466 
1308 282 gi|25 18257 18531 
1009 369 gi|25 18267 18531 
973 312 gi|25 18699 19056 
1310 1329 gi|25 18872 20133 
1312 288 gi|25 19963 20194 
1314 291 gi|25 20017 20091 
1316 1256 gi|25 20647 21445 
1318 386 gi|25 21023 21622 
1320 320 gi|25 21064 21263 
1322 530 gi|25 21155 21644 
1324 737 gi|25 21351 22622 
965 263 gi|25 21354 21622 
1007 265 gi|25 21354 21557 
1326 279 gi|25 21393 21642 
1328 1599 gi|25 21753 23650 
1330 884 gi|25 21920 23029 
1332 476 gi|25 23386 23744 
1334 397 gi|25 23387 23718 
1336 985 gi|25 23952 24865 
1338 908 gi|25 23956 24866 
1340 668 gi|25 23964 24717 
1342 418 gi|25 24619 24880 
1344 295 gi|25 24623 24860 
1346 322 gi|25 24636 24858 
947 274 gi|25 24761 24925 
1348 287 gi|25 24774 24858 
1350 271 gi|25 25766 25899 
1352 465 gi|25 25770 26256 
1354 276 gi|25 25772 25822 
1356 323 gi|25 25776 26132 
1358 1579 gi|25 26572 28000 
1360 2224 gi|25 26574 28034 
1362 1719 gi|25 26576 28006 
1364 1721 gi|25 26594 27952 
975 266 gi|25 26646 27997 
1368 446 gi|25 27757 28015 
1366 467 gi|25 27757 27999 
935 477 gi|25 27765 28027 
1370 359 gi|25 28886 29233 
1376 293 gi|25 28892 29314 
1372 451 gi|25 28892 29303 
1374 408 gi|25 28892 29303 
1378 274 gi|25 28908 29237 
1380 364 gi|25 29061 29208 
1382 259 gi|25 29092 29380 
1384 326 gi|25 29093 29443 
1386 321 gi|25 29459 29935 
1083 318 gi|25 36017 36145 
1388 344 gi|25 39762 40145 
69 459 gi|26 2509 3174 
797 342 gi|26 2612 2826 
1390 487 gi|26 2614 2961 
1392 466 gi|26 2726 3033 
785 457 gi|26 2735 3174 
145 282 gi|26 2916 3179 
1394 256 gi|26 2916 3018 
827 263 gi|26 2918 3149 
1396 250 gi|26 2918 3069 
87 692 gi|26 4372 5216 
67 369 gi|26 4531 5202 
197 258 gi|26 4580 4728 
1398 653 gi|26 4609 5152 
783 473 gi|26 4759 5244 
801 570 gi|26 4933 5202 
1400 360 gi|26 5063 5207 
265 806 gi|26 6159 6391 
1402 289 gi|26 13506 13671 
173 299 gi|26 13556 13679 
1404 271 gi|26 13588 13691 
45 1041 gi|26 16634 17084 
107 260 gi|26 19139 19260 
1406 266 gi|26 27584 27667 
1408 417 gi|26 33711 34195 
133 347 gi|26 37068 37445 
1120 643 gi|27 1 254 
1122 549 gi|27 1961 2304 
1124 394 gi|27 3662 3865 
845 299 gi|27 3679 3860 
1126 5930 gi|27 4515 5943 
877 989 gi|27 4525 5804 
1128 1561 gi|27 4527 5852 
1130 330 gi|27 4842 5815 
1132 407 gi|27 4891 5786 
915 366 gi|27 4972 5853 
1134 289 gi|27 5139 5229 
1136 451 gi|27 5143 5783 
1138 313 gi|27 5156 5795 
243 423 gi|27 10010 10196 
1140 345 gi|27 16715 16845 
171 262 gi|27 22885 22947 
1142 311 gi|27 26431 26820 
1144 334 gi|27 27504 27755 
1146 1948 gi|27 29589 30550 
1148 1675 gi|27 29601 30360 
1150 299 gi|27 32422 32581 
557 315 gi|27 32684 32771 
299 325 gi|27 32993 33070 
421 681 gi|27 32995 33070 
1152 309 gi|27 32995 33068 
505 298 gi|27 32995 33068 
449 795 gi|27 38058 38142 
1035 895 gi|28 8681 9476 
721 251 gi|28 10206 10345 
1474 294 gi|28 11482 11744 
715 325 gi|28 11487 11686 
1476 257 gi|28 11821 11902 
49 1887 gi|28 13897 15170 
1478 399 gi|28 17795 17980 
1480 425 gi|28 17797 17905 
1482 596 gi|28 22073 22638 
597 407 gi|28 22076 23105 
623 260 gi|28 22108 22284 
1484 341 gi|28 22481 22600 
1486 444 gi|28 22492 22945 
1488 377 gi|28 22494 22614 
615 299 gi|28 22495 23158 
1490 387 gi|28 22496 22652 
589 480 gi|28 22497 23087 
633 463 gi|28 22497 22994 
1492 3612 gi|28 28652 29326 
381 1121 gi|28 28661 28922 
1494 1903 gi|28 30322 31403 
1496 1759 gi|28 33268 33692 
1498 278 gi|28 38036 38542 
1410 3039 gi|29 1 508 
1412 276 gi|29 1001 1089 
1414 648 gi|29 1076 1463 
1416 457 gi|29 1380 1516 
1418 423 gi|29 1581 1668 
1420 434 gi|29 1603 1709 
1422 347 gi|29 1610 1686 
1424 987 gi|29 3791 4287 
1426 252 gi|29 11139 11336 
1428 2649 gi|29 11987 12432 
1430 254 gi|29 12318 12389 
1432 312 gi|29 14629 14751 
1434 265 gi|29 14973 15262 
1436 333 gi|29 14974 15343 
1438 1154 gi|29 18404 18880 
1440 515 gi|29 25991 26104 
1442 366 gi|29 26028 26104 
1444 263 gi|29 26849 27020 
1446 1237 gi|29 27093 28294 
1448 2187 gi|29 29093 30383 
667 3310 gi|29 29109 30447 
1450 328 gi|29 31887 32083 
1452 724 gi|29 35856 36004 
1454 517 gi|29 35913 36694 
1456 357 gi|29 36844 36893 
1458 497 gi|29 36931 37038 
236 1670 gi|3 10344 11328 
234 1769 gi|3 10344 11286 
238 253 gi|3 18628 18704 
240 293 gi|3 18901 19015 
19 270 gi|3 18908 19030 
1460 404 gi|30 8097 8160 
1462 889 gi|30 9777 10447 
1464 304 gi|30 13685 13962 
1466 1034 gi|30 13714 14083 
1439 1154 gi|30 14135 14606 
1468 766 gi|30 19169 19335 
1470 498 gi|30 19327 19446 
1445 263 gi|30 32791 32956 
1472 268 gi|30 32844 32958 
249 690 gi|30 35038 35302 
247 260 gi|30 35794 35888 
1121 643 gi|30 37064 37319 
1500 322 gi|31 1242 1730 
1123 549 gi|31 4602 4947 
1502 837 gi|31 5102 6009 
1504 282 gi|31 5232 5590 
1506 270 gi|31 5366 5681 
1508 1351 gi|31 6361 6572 
1510 1174 gi|31 6361 6544 
761 890 gi|31 6361 6544 
1073 1175 gi|31 6361 6543 
1512 1267 gi|31 6372 6548 
1514 477 gi|31 6372 6517 
637 374 gi|31 6442 6547 
909 2855 gi|31 7565 8951 
1516 2380 gi|31 7579 8951 
1518 555 gi|31 7959 8496 
1520 667 gi|31 7995 8886 
1522 385 gi|31 8037 8771 
1135 289 gi|31 8216 8308 
1524 276 gi|31 9632 9782 
1526 672 gi|31 11067 11725 
61 336 gi|31 11099 11690 
1528 262 gi|31 11177 11337 
1530 640 gi|31 12805 13319 
1532 596 gi|31 12856 13371 
1534 281 gi|31 16748 16944 
1047 335 gi|31 16827 16993 
1536 293 gi|31 18625 18779 
1538 293 gi|31 18637 19111 
1540 507 gi|31 18913 19334 
1542 437 gi|31 18919 19282 
1544 574 gi|31 18948 19121 
1435 265 gi|31 18951 19246 
1045 251 gi|31 18952 19343 
345 304 gi|31 19596 19722 
429 1336 gi|31 19620 19830 
477 464 gi|31 19638 19823 
1546 293 gi|31 19639 19735 
521 338 gi|31 19641 19824 
537 420 gi|31 19643 19872 
305 404 gi|31 19643 19827 
489 284 gi|31 19644 19827 
417 285 gi|31 19645 20073 
401 431 gi|31 19646 20061 
297 477 gi|31 19648 20064 
333 733 gi|31 19652 19983 
335 291 gi|31 19654 19830 
471 297 gi|31 19657 20061 
341 325 gi|31 19657 19823 
455 315 gi|31 19748 20061 
527 256 gi|31 19751 19838 
511 392 gi|31 19764 20061 
1548 270 gi|31 19764 19824 
443 346 gi|31 19901 20056 
1550 822 gi|31 19911 20061 
397 680 gi|31 19911 19983 
513 289 gi|31 19920 20035 
411 329 gi|31 19921 20084 
317 296 gi|31 19921 20061 
453 299 gi|31 19922 20065 
339 394 gi|31 19968 20063 
311 275 gi|31 19989 20061 
525 764 gi|31 19990 20070 
545 400 gi|31 19990 20063 
343 358 gi|31 20006 20082 
1552 3859 gi|31 25899 27922 
1467 1034 gi|31 32544 32901 
1554 404 gi|31 32599 32949 
1556 690 gi|31 36920 37252 
1558 337 gi|31 36956 37200 
375 487 gi|32 2258 2355 
1560 293 gi|32 6015 6093 
1 330 gi|32 7948 8019 
263 282 gi|32 8109 8255 
1497 1759 gi|32 9662 10088 
1493 3612 gi|32 10272 10941 
383 1402 gi|32 10286 10536 
379 799 gi|32 10899 11067 
1562 1823 gi|32 13959 14352 
377 425 gi|32 14404 14530 
1503 837 gi|32 14637 15561 
1564 268 gi|32 14925 15071 
1566 14204 gi|32 15994 17907 
1568 1826 gi|32 21675 22091 
1570 1958 gi|32 22182 22649 
1572 1131 gi|32 22301 22620 
1574 273 gi|32 22315 22617 
1576 15125 gi|32 24726 26737 
1578 2109 gi|32 25340 26073 
1580 250 gi|32 35547 35586 
1582 272 gi|32 38184 38240 
855 424 gi|33 4795 5000 
1584 466 gi|33 29486 29697 
1085 286 gi|33 29997 30101 
1547 293 gi|33 30016 30110 
461 789 gi|33 30023 30190 
531 293 gi|33 30027 30120 
445 349 gi|33 30029 30187 
413 401 gi|33 30039 30182 
425 300 gi|33 30040 30183 
315 276 gi|33 30040 30182 
485 267 gi|33 30040 30182 
309 271 gi|33 30040 30118 
1551 822 gi|33 30041 30192 
457 299 gi|33 30041 30107 
393 777 gi|33 30082 30239 
337 668 gi|33 30120 30193 
1668 730 gi|34 7279 7915 
1670 308 gi|34 13901 14091 
1672 803 gi|34 16869 17167 
923 4104 gi|34 33389 34620 
1535 281 gi|35 6611 6801 
1658 256 gi|35 6730 6819 
1660 411 gi|35 8377 8864 
1543 437 gi|35 8728 9096 
1662 262 gi|35 10552 10629 
837 1721 gi|35 23497 24042 
1664 956 gi|35 23500 23897 
1666 256 gi|35 30191 30337 
13 491 gi|35 36944 37304 
891 409 gi|35 39773 39942 
1586 355 gi|36 9 516 
1315 291 gi|36 24 105 
931 270 gi|36 30 162 
1165 262 gi|36 30 113 
1588 253 gi|36 40 163 
757 932 gi|36 7490 7733 
1592 1238 gi|36 7500 7711 
1590 1311 gi|36 7500 7710 
643 330 gi|36 7530 7631 
1511 1174 gi|36 7531 7709 
1069 1151 gi|36 7532 7710 
1594 623 gi|36 7539 7707 
1596 268 gi|36 7661 7699 
1598 1504 gi|36 7746 8505 
139 1049 gi|36 7766 8754 
1600 401 gi|36 7771 8072 
1602 1090 gi|36 7778 8457 
1604 454 gi|36 7961 8382 
1606 582 gi|36 7964 8250 
1608 432 gi|36 7964 8107 
1610 370 gi|36 7964 8093 
1025 253 gi|36 7966 8056 
1043 277 gi|36 7976 8094 
1612 542 gi|36 8526 9269 
1614 260 gi|36 8641 8858 
1616 326 gi|36 8685 8993 
1618 415 gi|36 9533 9817 
1620 487 gi|36 19235 19895 
1622 400 gi|36 19277 19895 
1624 591 gi|36 19305 19911 
1667 256 gi|36 19411 19557 
1626 407 gi|36 22786 23177 
1628 362 gi|36 22808 22995 
815 312 gi|36 22810 23009 
1103 262 gi|36 22821 22995 
189 270 gi|36 22822 22996 
1630 253 gi|36 22906 22995 
1632 357 gi|36 25242 25452 
1545 574 gi|36 25242 25415 
1661 411 gi|36 25306 25780 
205 267 gi|36 25311 25445 
1117 272 gi|36 25320 25448 
1537 293 gi|36 25581 25741 
1659 256 gi|36 26962 27055 
1634 2317 gi|36 27268 28530 
1636 1228 gi|36 27305 28199 
1640 803 gi|36 27400 28205 
1638 878 gi|36 27400 28107 
1642 277 gi|36 28734 28798 
1644 291 gi|36 28876 28993 
257 288 gi|36 28895 29015 
1646 357 gi|36 28905 29108 
1648 250 gi|36 31628 31863 
1650 297 gi|36 32795 33003 
1652 560 gi|36 33080 33449 
1654 401 gi|36 33197 33450 
1656 286 gi|36 33197 33328 
1063 347 gi|36 37134 37430 
1463 889 gi|36 38871 39539 
1674 685 gi|37 4486 4660 
385 626 gi|37 6789 6925 
1563 1823 gi|37 13733 14120 
1673 803 gi|37 17235 17531 
1676 305 gi|37 34425 34574 
1700 644 gi|38 2912 4025 
1702 642 gi|38 3056 3899 
1704 667 gi|38 3064 3903 
911 755 gi|38 3074 4049 
1133 407 gi|38 3110 4002 
1706 495 gi|38 3121 4039 
1521 667 gi|38 3134 4023 
875 463 gi|38 3197 4042 
747 2205 gi|38 4440 5335 
1708 759 gi|38 5297 5549 
1593 1238 gi|38 5325 5540 
639 368 gi|38 5327 5458 
1513 1267 gi|38 5353 5527 
759 1118 gi|38 5357 5540 
1071 1307 gi|38 5359 5538 
1710 1631 gi|38 5359 5538 
1712 359 gi|38 11932 12009 
1714 890 gi|38 12206 13538 
1716 359 gi|38 15889 15981 
705 250 gi|38 34652 34745 
1718 434 gi|38 36900 37099 
1720 347 gi|38 37470 37695 
211 330 gi|39 1439 2532 
1053 354 gi|39 1970 2132 
233 251 gi|39 1971 2174 
1730 496 gi|39 2010 2667 
919 289 gi|39 2352 2453 
903 394 gi|39 3690 4324 
1732 253 gi|39 3709 3837 
229 326 gi|39 4177 4475 
901 283 gi|39 4334 4474 
733 256 gi|39 4496 4600 
839 885 gi|39 12533 12977 
1665 956 gi|39 12574 12976 
1734 270 gi|39 12671 12765 
175 325 gi|39 14426 14626 
1403 289 gi|39 15008 15173 
1736 252 gi|39 28276 28348 
1738 270 gi|39 28895 29119 
1740 966 gi|39 30017 30951 
1742 2008 gi|39 30050 30944 
1477 257 gi|39 30217 30299 
927 267 gi|39 30661 30763 
128 455 gi|4 2582 2999 
130 460 gi|4 2718 2897 
132 347 gi|4 2748 3125 
134 386 gi|4 3192 3509 
136 484 gi|4 3213 3513 
138 1049 gi|4 3219 4200 
140 883 gi|4 3228 3930 
142 405 gi|4 3233 3699 
144 282 gi|4 3246 3516 
146 832 gi|4 3251 4522 
148 348 gi|4 3251 3513 
150 250 gi|4 3279 3532 
152 490 gi|4 3308 3850 
156 315 gi|4 3334 3568 
154 345 gi|4 3334 3532 
158 318 gi|4 3420 3562 
160 258 gi|4 3420 3533 
162 258 gi|4 3424 3513 
164 389 gi|4 3431 3589 
166 304 gi|4 3803 3886 
168 379 gi|4 4172 4467 
170 262 gi|4 8791 8859 
172 299 gi|4 8862 8985 
174 325 gi|4 9497 9709 
176 313 gi|4 12645 13288 
178 283 gi|4 14685 14900 
180 1634 gi|4 15173 16298 
182 484 gi|4 15605 16223 
184 652 gi|4 15653 16239 
186 380 gi|4 15673 16260 
190 611 gi|4 15711 16194 
188 270 gi|4 15711 15885 
192 358 gi|4 15759 16080 
194 452 gi|4 15769 16210 
196 258 gi|4 16110 16258 
198 255 gi|4 17032 17092 
200 300 gi|4 17458 18004 
202 920 gi|4 17495 18113 
204 267 gi|4 17784 17913 
206 930 gi|4 18405 19120 
208 352 gi|4 28225 29040 
210 330 gi|4 28289 29373 
212 291 gi|4 28377 29103 
214 400 gi|4 28582 29113 
216 323 gi|4 28729 29107 
218 354 gi|4 33200 33613 
220 275 gi|4 33471 33612 
222 1045 gi|4 33545 34486 
224 273 gi|4 37007 37276 
226 643 gi|4 37014 37752 
228 326 gi|4 37444 37755 
230 680 gi|4 39679 39928 
232 251 gi|4 39717 39908 
751 642 gi|40 1679 2593 
1678 561 gi|40 1703 2397 
1680 327 gi|40 1711 1872 
1682 324 gi|40 2473 2691 
1684 318 gi|40 3173 3419 
1686 680 gi|40 17650 18065 
1688 661 gi|40 18531 19087 
1690 303 gi|40 19194 19462 
1057 533 gi|40 19734 20926 
1059 254 gi|40 21017 21094 
1517 2380 gi|40 32823 34199 
907 2573 gi|40 32872 34243 
1131 330 gi|40 32881 33863 
1705 667 gi|40 33009 33860 
881 292 gi|40 33138 33724 
1692 408 gi|40 33271 33768 
1694 283 gi|40 33412 33734 
1696 345 gi|40 33486 33746 
1698 491 gi|40 35767 36065 
1722 279 gi|41 170 623 
1401 360 gi|41 4738 4882 
789 524 gi|41 4744 5144 
95 412 gi|41 4771 5147 
799 391 gi|41 4783 5150 
1724 586 gi|41 4800 5412 
75 537 gi|41 4918 5338 
1391 487 gi|41 4954 5301 
1031 254 gi|41 4954 4991 
15 266 gi|41 12413 12555 
1726 265 gi|41 24306 24427 
1728 2248 gi|41 36330 36890 
1744 264 gi|42 2543 2646 
3 2785 gi|42 6422 8300 
5 1729 gi|42 8485 9683 
51 829 gi|42 11839 13235 
1746 1687 gi|42 19628 20429 
1748 520 gi|42 19629 20097 
1750 675 gi|42 19944 20429 
727 651 gi|42 22874 23291 
1752 1395 gi|42 26550 27454 
659 1661 gi|42 26552 27477 
1754 447 gi|42 27678 27929 
1739 270 gi|42 27694 27921 
1756 254 gi|42 28461 28531 
1758 284 gi|42 29148 29344 
653 702 gi|42 29177 29697 
1760 1373 gi|42 29196 30285 
1762 628 gi|42 29887 30324 
1587 355 gi|42 33494 34013 
1764 498 gi|42 33847 34217 
1766 340 gi|42 33854 34158 
1768 325 gi|42 33864 34188 
1313 288 gi|42 33878 34107 
1221 386 gi|42 33935 34197 
1189 408 gi|42 33943 34232 
1770 374 gi|42 33944 34185 
1772 503 gi|42 33949 34149 
1774 336 gi|42 33953 34188 
1776 1588 gi|42 34557 36779 
1229 803 gi|42 34581 35373 
1778 257 gi|42 34605 34711 
1291 343 gi|42 35036 35514 
1780 375 gi|42 35065 35343 
1782 251 gi|42 35074 35147 
1784 251 gi|42 35074 35147 
999 388 gi|42 35078 35517 
1261 299 gi|42 35081 35407 
1379 274 gi|42 35081 35407 
1177 327 gi|42 35252 35626 
961 295 gi|42 35263 35349 
1786 264 gi|42 35300 35370 
1329 1599 gi|42 35675 37609 
1209 4352 gi|42 35732 38831 
1273 1733 gi|42 35836 36944 
1788 961 gi|42 35865 36915 
1790 737 gi|42 37324 38830 
1281 1127 gi|42 37329 38888 
1792 614 gi|42 37329 38830 
1341 668 gi|42 37923 38682 
1794 453 gi|42 38498 38829 
1317 1256 gi|42 39202 40009 
1796 486 gi|42 39587 40138 
1798 431 gi|42 39658 40002 
1800 415 gi|42 39658 40002 
1802 324 gi|42 39707 39795 
1804 417 gi|42 39716 40123 
1806 299 gi|42 39716 39887 
1301 455 gi|42 39717 39988 
1235 269 gi|42 39717 39786 
1355 276 gi|42 39722 39772 
1822 473 gi|43 1965 2516 
1824 411 gi|43 2013 2516 
1826 279 gi|43 2339 2429 
1828 469 gi|43 4763 5187 
1093 968 gi|43 6862 7368 
1830 346 gi|43 12967 13475 
1832 263 gi|43 12988 13157 
1397 250 gi|43 12991 13145 
1834 294 gi|43 13002 13471 
1836 261 gi|43 13037 13147 
1838 295 gi|43 13059 13146 
1840 354 gi|43 13061 13471 
105 295 gi|43 13317 13450 
1842 259 gi|43 13398 13471 
1844 259 gi|43 13420 13505 
1846 318 gi|43 16136 16346 
1848 365 gi|43 17123 17313 
1850 409 gi|43 23323 24087 
1852 262 gi|43 23323 23531 
1749 520 gi|43 23646 24122 
1854 655 gi|43 24485 25060 
1912 7002 gi|44 3739 6930 
1914 446 gi|44 3827 4252 
1916 5894 gi|44 11145 13975 
1918 1742 gi|44 14866 15850 
1920 396 gi|44 14895 15118 
1922 1024 gi|44 15204 15853 
1924 259 gi|44 17178 17320 
1583 272 gi|44 26473 26533 
1926 270 gi|44 30705 30786 
1599 1504 gi|44 32186 32938 
1928 1480 gi|44 32213 32884 
141 883 gi|44 32216 32909 
187 380 gi|44 32256 32840 
1930 270 gi|44 32260 32347 
1932 384 gi|44 32293 32746 
1934 476 gi|44 32442 32848 
1936 385 gi|44 32606 32916 
1938 434 gi|44 32609 32802 
1940 328 gi|44 32613 32801 
825 270 gi|44 32621 32856 
1942 267 gi|44 32621 32735 
791 297 gi|44 32622 32662 
1097 268 gi|44 32626 32850 
1944 442 gi|44 32626 32720 
1027 263 gi|44 32628 32718 
1617 326 gi|44 34008 34316 
1946 256 gi|44 34054 34313 
1948 306 gi|44 34738 34884 
1615 260 gi|44 34815 35034 
1878 619 gi|45 454 552 
1431 254 gi|45 880 937 
1880 271 gi|45 880 910 
365 551 gi|45 1224 2180 
1882 326 gi|45 1225 1383 
1884 561 gi|45 1228 1617 
1886 324 gi|45 3653 3750 
1417 457 gi|45 4487 4604 
1461 404 gi|45 4658 4721 
1453 724 gi|45 6588 6731 
1457 357 gi|45 7713 7762 
1459 497 gi|45 7948 8050 
1888 1874 gi|45 9476 10198 
1890 438 gi|45 10775 10904 
1892 749 gi|45 14299 14707 
1894 762 gi|45 15122 15509 
1419 423 gi|45 21987 22078 
1896 302 gi|45 21991 22078 
1581 250 gi|45 22612 22650 
1501 322 gi|45 23540 24031 
1079 564 gi|45 29449 29985 
1529 262 gi|45 35159 35328 
1127 5930 gi|45 36499 37920 
1707 495 gi|45 36613 37532 
1898 1369 gi|45 36616 37893 
879 913 gi|45 36631 37988 
1900 581 gi|45 36631 37296 
1695 283 gi|45 37143 37464 
649 3775 gi|46 5676 7414 
1902 1828 gi|46 15280 16099 
1715 890 gi|46 17771 19089 
1409 417 gi|46 20390 20839 
1843 259 gi|46 20777 20850 
47 341 gi|46 23479 23607 
1904 1901 gi|46 31080 31939 
851 268 gi|46 34568 34631 
897 250 gi|46 34581 34642 
1906 461 gi|46 35323 35784 
1908 1476 gi|46 36144 36940 
363 484 gi|46 38125 38983 
1910 336 gi|46 38156 38652 
1883 326 gi|46 38165 38322 
781 1485 gi|47 1302 2270 
1055 457 gi|47 2285 2941 
1808 303 gi|47 8528 8682 
1407 266 gi|47 8616 8696 
1721 347 gi|47 10239 10464 
1719 434 gi|47 10835 11034 
1479 399 gi|47 13677 13880 
1810 391 gi|47 13742 13911 
1812 296 gi|47 13743 13928 
1923 1024 gi|47 14085 14732 
1921 396 gi|47 14772 14995 
1919 1742 gi|47 15211 16194 
1814 490 gi|47 20820 20921 
1423 347 gi|47 20843 20923 
1415 648 gi|47 21471 21849 
1816 264 gi|47 21839 21910 
1413 276 gi|47 21963 22050 
1887 324 gi|47 22872 22979 
1411 3039 gi|47 22973 23477 
835 856 gi|47 28170 29361 
833 260 gi|47 29796 29986 
1818 1565 gi|47 30133 31024 
1149 1675 gi|47 30133 30892 
1820 336 gi|47 35022 35657 
925 279 gi|48 2520 2577 
1487 444 gi|48 6255 6711 
585 507 gi|48 6369 6708 
607 509 gi|48 6492 6838 
601 552 gi|48 6492 6706 
1856 378 gi|48 6547 6709 
1858 473 gi|48 6561 6709 
629 497 gi|48 6562 6708 
1860 436 gi|48 6584 6700 
1862 355 gi|48 6612 6711 
1864 570 gi|48 9780 10470 
1019 335 gi|48 9986 10219 
1825 411 gi|48 10010 10531 
157 315 gi|48 10020 10260 
703 251 gi|48 10095 10217 
1841 354 gi|48 10119 10529 
1866 286 gi|48 10123 10210 
1868 639 gi|48 17645 18137 
1870 311 gi|48 17651 18313 
1017 373 gi|48 17736 17971 
1823 473 gi|48 17762 18332 
155 345 gi|48 17772 17973 
1835 294 gi|48 17821 18281 
1872 389 gi|48 31433 32269 
1727 265 gi|48 33107 33228 
1499 278 gi|48 35774 36285 
1701 644 gi|48 37457 38571 
1519 555 gi|48 37649 38182 
1693 408 gi|48 37699 38190 
1874 521 gi|48 37749 38506 
1901 581 gi|48 37904 38566 
1137 451 gi|48 37908 38545 
1876 288 gi|48 38009 38178 
873 417 gi|48 38108 38624 
1903 1828 gi|49 1469 2288 
1669 730 gi|49 3302 3938 
295 314 gi|49 10028 10136 
497 2369 gi|49 15159 15663 
519 448 gi|49 15352 15663 
499 260 gi|49 15353 15440 
419 393 gi|49 15355 15563 
307 326 gi|49 15361 15546 
399 253 gi|49 15361 15541 
301 709 gi|49 15477 15552 
1153 309 gi|49 15478 15552 
491 301 gi|49 15480 15546 
441 306 gi|49 15484 15646 
1549 270 gi|49 15484 15542 
313 816 gi|49 15740 16003 
319 572 gi|49 15929 16003 
321 276 gi|49 20917 20954 
31 295 gi|49 20917 20950 
7 315 gi|49 20917 20950 
54 424 gi|5 45 266 
56 263 gi|5 415 462 
58 709 gi|5 1409 1920 
60 336 gi|5 1473 2055 
64 363 gi|5 9830 10013 
62 328 gi|5 9830 10012 
66 369 gi|5 11651 12319 
68 459 gi|5 11663 12321 
70 692 gi|5 11670 12322 
72 547 gi|5 11732 12181 
74 537 gi|5 11732 12151 
76 317 gi|5 11744 12328 
78 324 gi|5 12058 12206 
80 258 gi|5 12065 12147 
82 292 gi|5 12071 12234 
149 348 gi|5 12072 12322 
84 337 gi|5 12072 12175 
86 692 gi|5 13309 14159 
88 794 gi|5 13552 14188 
90 506 gi|5 13555 14199 
92 615 gi|5 13577 14061 
94 412 gi|5 13744 14117 
96 3140 gi|5 16930 18236 
219 354 gi|5 16933 17352 
98 291 gi|5 21909 22089 
100 314 gi|5 22253 22408 
102 294 gi|5 22658 23076 
104 295 gi|5 22679 22824 
106 260 gi|5 22964 23080 
108 264 gi|5 32843 32924 
110 915 gi|5 37378 38566 
112 497 gi|5 37387 38243 
114 313 gi|5 37871 38243 
116 421 gi|5 38526 39244 
118 350 gi|5 39008 39261 
120 501 gi|5 39016 39243 
122 298 gi|5 39020 39245 
124 256 gi|5 39030 39245 
126 276 gi|5 39048 39262 
2020 423 gi|50 1417 1773 
2022 443 gi|50 1481 1801 
1603 1090 gi|50 1487 2158 
147 832 gi|50 1511 2750 
695 370 gi|50 1512 1779 
1929 1480 gi|50 1513 2184 
2024 371 gi|50 1568 2245 
2026 338 gi|50 1599 2074 
2028 573 gi|50 1645 2108 
697 299 gi|50 1660 2095 
2030 383 gi|50 1669 1771 
2032 328 gi|50 1677 1774 
813 321 gi|50 1679 1949 
1029 285 gi|50 1679 1768 
2034 269 gi|50 1692 1775 
793 257 gi|50 1695 1771 
2036 274 gi|50 1967 2216 
1949 306 gi|50 2457 2610 
2038 657 gi|50 4011 4309 
1447 1237 gi|50 5510 6682 
1473 268 gi|50 6766 6883 
2040 341 gi|50 7865 8347 
2042 1116 gi|50 9134 10572 
2044 258 gi|50 11024 11721 
55 424 gi|50 11132 11353 
2046 342 gi|50 12256 12380 
1527 672 gi|50 15953 16597 
59 709 gi|50 16142 16649 
651 1238 gi|50 21697 22392 
1761 1373 gi|50 21732 22818 
2048 541 gi|50 22011 22724 
2050 480 gi|50 22430 22818 
2052 563 gi|50 23669 24440 
2054 403 gi|50 23782 24462 
887 252 gi|50 25593 25773 
2056 547 gi|50 25842 26402 
723 400 gi|50 27744 27892 
1671 308 gi|50 37251 37445 
1663 262 gi|50 39498 39569 
619 483 gi|51 1 264 
605 514 gi|51 2 750 
591 364 gi|51 3 739 
1087 2080 gi|51 2973 4264 
1449 2187 gi|51 4394 5661 
665 2352 gi|51 4410 5776 
559 264 gi|51 12375 12673 
1585 466 gi|51 13583 13797 
1972 652 gi|51 14180 15130 
859 299 gi|51 18943 19011 
1974 286 gi|51 19233 19553 
861 263 gi|51 19234 19487 
1976 592 gi|51 22435 22763 
767 644 gi|51 24448 24644 
1709 759 gi|51 24468 24719 
1595 623 gi|51 24489 24667 
1978 670 gi|51 24489 24644 
1075 489 gi|51 24489 24567 
1515 477 gi|51 24498 24644 
1597 268 gi|51 24499 24536 
737 354 gi|51 25590 26485 
1980 253 gi|51 25950 26065 
1982 290 gi|51 26393 26502 
1984 286 gi|51 27115 27304 
1917 5894 gi|52 960 3781 
1911 336 gi|52 7241 7735 
1885 561 gi|52 7339 7725 
1141 345 gi|52 8663 8793 
1675 685 gi|52 9073 9247 
1950 309 gi|52 11173 11363 
1651 297 gi|52 11534 11745 
1952 284 gi|52 11621 11741 
1954 548 gi|52 14623 15492 
1956 1162 gi|52 31056 32326 
1958 876 gi|52 31060 32297 
1637 1228 gi|52 31110 31994 
1960 1402 gi|52 31118 32297 
1505 282 gi|52 31288 31675 
1962 1991 gi|52 32814 33315 
1964 427 gi|52 32816 33115 
1443 366 gi|52 33056 33132 
1966 822 gi|52 33430 33768 
1968 952 gi|52 33533 33765 
1970 335 gi|52 34363 34756 
369 435 gi|52 34366 34808 
1151 299 gi|52 34974 35136 
735 1603 gi|52 34975 35707 
1427 252 gi|52 36115 36312 
1425 987 gi|52 38307 38803 
1815 490 gi|52 39640 39744 
1421 434 gi|52 39647 39756 
1897 302 gi|52 39685 39774 
1996 698 gi|53 3 1090 
1998 1593 gi|53 9 552 
2000 577 gi|53 744 1077 
725 518 gi|53 4998 5153 
2021 423 gi|53 7768 8115 
1937 385 gi|53 7824 8131 
1101 279 gi|53 7899 8115 
153 490 gi|53 7913 8467 
1951 309 gi|53 7931 8115 
2002 340 gi|53 7940 8455 
1395 256 gi|53 8017 8118 
1611 370 gi|53 8019 8148 
2004 357 gi|53 8019 8110 
1839 295 gi|53 8027 8117 
2006 356 gi|53 8033 8117 
2008 285 gi|53 8034 8116 
2010 312 gi|53 8607 8904 
137 484 gi|53 8611 8908 
1601 401 gi|53 8622 8922 
2012 280 gi|53 8794 8910 
1827 279 gi|53 8797 8899 
85 337 gi|53 8801 8908 
2033 328 gi|53 8812 8909 
1945 442 gi|53 8812 8906 
2014 271 gi|53 8813 8911 
2016 1429 gi|53 12535 13872 
1679 561 gi|53 25048 25754 
755 348 gi|53 25049 25194 
749 496 gi|53 25521 25972 
2018 278 gi|53 25616 26110 
1927 270 gi|53 39277 39363 
43 313 gi|53 39289 39362 
1763 628 gi|54 3 443 
2051 480 gi|54 13 401 
1986 336 gi|54 3118 3228 
795 560 gi|54 5772 6454 
91 506 gi|54 5800 6445 
1399 653 gi|54 5906 6448 
1725 586 gi|54 5912 6521 
787 541 gi|54 5939 6292 
1393 466 gi|54 5994 6301 
823 252 gi|54 5994 6111 
1943 267 gi|54 5995 6111 
73 547 gi|54 5999 6447 
2031 383 gi|54 6004 6106 
1988 264 gi|54 6012 6112 
167 304 gi|54 6392 6475 
1990 385 gi|54 8215 8456 
53 263 gi|54 19880 19983 
1959 876 gi|54 31931 33171 
1635 2317 gi|54 31941 33202 
1992 579 gi|54 31987 32526 
1994 711 gi|54 32067 32660 
1507 270 gi|54 32322 32637 
1977 592 gi|54 36131 36461 
2058 1935 gi|55 62 1449 
1613 542 gi|55 6007 6791 
1947 256 gi|55 6166 6429 
169 379 gi|55 6204 6495 
1619 415 gi|55 7064 7360 
1689 661 gi|55 8905 9445 
1143 311 gi|55 8948 9328 
1687 680 gi|55 9956 10365 
1145 334 gi|55 10046 10284 
2060 897 gi|55 10830 11124 
621 563 gi|55 11455 12108 
595 609 gi|55 11460 12152 
1483 596 gi|55 11461 12028 
611 468 gi|55 11827 12108 
581 492 gi|55 11865 12141 
2062 480 gi|55 11878 11992 
2064 328 gi|55 11887 11990 
1861 436 gi|55 11892 12009 
2066 590 gi|55 11893 12079 
1555 404 gi|55 14619 14962 
1465 304 gi|55 14766 15043 
1387 321 gi|55 16472 16949 
1323 530 gi|55 17021 17510 
971 295 gi|55 17032 17294 
1169 409 gi|55 17068 17540 
2068 403 gi|55 17078 17500 
995 466 gi|55 17100 17499 
1357 323 gi|55 17154 17497 
1233 464 gi|55 17156 17509 
1201 460 gi|55 17159 17317 
1257 343 gi|55 17175 17516 
1371 359 gi|55 17175 17516 
1295 462 gi|55 17235 17510 
1781 375 gi|55 17238 17510 
1807 299 gi|55 17357 17507 
1765 498 gi|55 18383 18767 
1185 1417 gi|55 18412 19843 
1155 1679 gi|55 18420 20197 
1245 1818 gi|55 18420 19927 
1363 1719 gi|55 18420 19847 
1287 259 gi|55 18420 18667 
1223 415 gi|55 18425 18671 
1305 1362 gi|55 18434 20473 
1589 253 gi|55 18632 18754 
1353 465 gi|55 20167 20650 
1205 313 gi|55 20173 20405 
1797 486 gi|55 20223 20777 
1321 320 gi|55 20537 20745 
1779 257 gi|55 21011 21123 
1297 1900 gi|55 21479 23784 
1247 2316 gi|55 21514 22970 
1361 2224 gi|55 21514 22969 
1161 2270 gi|55 21514 22956 
1343 418 gi|55 21528 21790 
933 424 gi|55 21529 21832 
1795 453 gi|55 21544 21878 
1173 2297 gi|55 21546 23630 
1219 308 gi|55 21552 21879 
979 353 gi|55 21552 21778 
1773 503 gi|55 21585 21782 
2070 373 gi|55 23209 23776 
1327 279 gi|55 23275 23524 
1373 451 gi|55 23357 23786 
1267 445 gi|55 23357 23591 
1199 255 gi|55 23358 23570 
967 319 gi|55 23367 23547 
1005 301 gi|55 23368 23579 
1801 415 gi|55 23479 23835 
1783 251 gi|55 23703 23777 
1237 315 gi|55 23719 23782 
943 373 gi|55 24567 24863 
1167 462 gi|55 24596 24873 
1369 446 gi|55 24613 24873 
1275 1706 gi|55 24618 27511 
1337 985 gi|55 24621 25520 
1217 1941 gi|55 24630 26098 
1793 614 gi|55 24630 26092 
1775 336 gi|55 24630 24862 
983 263 gi|55 24630 24862 
1191 258 gi|55 24630 24741 
1255 426 gi|55 24631 24873 
1335 397 gi|55 25756 26096 
1213 443 gi|55 26597 27510 
1777 1588 gi|55 26599 28815 
1325 737 gi|55 26834 28102 
1385 326 gi|55 27749 28103 
2072 283 gi|55 27813 27912 
1183 300 gi|55 27820 28103 
957 290 gi|55 27829 28109 
1309 282 gi|55 27829 28103 
1207 419 gi|55 27829 28060 
1849 365 gi|55 27838 28027 
1271 262 gi|55 27890 28103 
1803 324 gi|55 28222 28313 
955 270 gi|55 28225 28297 
1227 960 gi|55 28230 28816 
2074 286 gi|55 28240 28307 
989 263 gi|55 29182 29281 
1285 431 gi|55 29185 29429 
2076 264 gi|55 29185 29276 
1159 1604 gi|55 29187 30754 
1359 1579 gi|55 29187 30609 
1249 1711 gi|55 29187 30607 
1347 322 gi|55 29188 29410 
1225 350 gi|55 29188 29281 
1771 374 gi|55 29190 29425 
1171 1525 gi|55 29226 31399 
1293 1308 gi|55 29622 31423 
1203 389 gi|55 30812 31181 
1259 372 gi|55 30898 31399 
1231 520 gi|55 30915 31399 
1319 386 gi|55 30924 31527 
2078 444 gi|55 30924 31494 
1377 293 gi|55 30972 31400 
1805 417 gi|55 30987 31397 
1195 360 gi|55 31331 31553 
1345 295 gi|55 32303 32545 
941 380 gi|55 32303 32542 
985 257 gi|55 32331 32539 
1767 340 gi|55 32334 32638 
1187 1154 gi|55 32339 33706 
1157 1799 gi|55 32352 33881 
1251 1621 gi|55 32352 33713 
1365 1721 gi|55 32352 33713 
1311 1329 gi|55 32456 33713 
977 472 gi|55 33270 33656 
2080 351 gi|55 33973 34540 
1375 408 gi|55 34121 34550 
1269 403 gi|55 34121 34355 
1175 395 gi|55 34131 34394 
969 314 gi|55 34131 34311 
1011 266 gi|55 34132 34291 
1197 262 gi|55 34241 34334 
1799 431 gi|55 34243 34599 
1299 537 gi|55 34252 34548 
1785 251 gi|55 34467 34541 
1239 315 gi|55 34483 34546 
945 360 gi|55 35331 35627 
1283 600 gi|55 35382 36283 
1339 908 gi|55 35384 36285 
1215 1399 gi|55 35394 36855 
1791 737 gi|55 35394 36846 
1769 325 gi|55 35394 35712 
981 272 gi|55 35394 35626 
1163 479 gi|55 35395 35719 
1253 451 gi|55 35395 35637 
1367 467 gi|55 35395 35637 
1279 487 gi|55 36474 36876 
1333 476 gi|55 36493 36849 
1211 882 gi|55 37069 38330 
1331 884 gi|55 37230 38324 
1277 850 gi|55 37236 38107 
1789 961 gi|55 37260 38301 
991 528 gi|55 38682 39262 
1303 316 gi|55 38682 39079 
959 268 gi|55 38688 38899 
1179 309 gi|55 38688 38889 
1243 452 gi|55 38753 39079 
1265 391 gi|55 38773 38921 
1381 364 gi|55 38773 38921 
1787 264 gi|55 38784 38854 
1351 271 gi|55 38962 39095 
2082 251 gi|55 39035 39088 
1193 280 gi|55 39539 39610 
2096 750 gi|56 9666 10089 
2039 657 gi|56 11894 12198 
2098 2162 gi|56 29796 30725 
2100 1841 gi|56 29927 31025 
2102 1047 gi|56 30737 31033 
1717 359 gi|56 31730 31815 
1713 359 gi|56 31753 31831 
905 269 gi|56 38538 38858 
921 391 gi|57 4583 5310 
217 323 gi|57 4583 4967 
1731 496 gi|57 4894 5533 
609 494 gi|57 6099 6340 
1491 387 gi|57 6111 6269 
579 535 gi|57 6151 6301 
631 368 gi|57 6151 6268 
2065 328 gi|57 6165 6268 
1863 355 gi|57 6174 6272 
2104 255 gi|57 7089 7273 
1109 260 gi|57 7636 7747 
281 291 gi|57 7934 8035 
847 375 gi|57 7989 8143 
849 250 gi|57 11475 11608 
1125 394 gi|57 11477 11680 
843 313 gi|57 12197 12527 
2019 278 gi|57 13150 13640 
1683 324 gi|57 13210 13432 
1681 327 gi|57 14030 14188 
753 265 gi|57 14053 14187 
1557 690 gi|57 15938 16295 
1559 337 gi|57 19446 19703 
2106 1297 gi|57 20131 21000 
2108 1299 gi|57 20135 20715 
2110 399 gi|57 20155 21038 
1657 286 gi|57 20209 20340 
121 501 gi|57 20801 21029 
2112 316 gi|57 20804 21117 
111 915 gi|57 21452 22620 
2114 1011 gi|57 21662 22618 
1649 250 gi|57 21771 21998 
2116 271 gi|57 21772 22051 
327 265 gi|57 21789 22551 
125 256 gi|57 21801 22016 
2118 846 gi|57 23249 23623 
739 269 gi|57 28542 28726 
1981 253 gi|57 28561 28689 
1983 290 gi|57 29004 29116 
1985 286 gi|57 29729 29918 
1895 762 gi|57 31412 31807 
1893 749 gi|57 32193 32606 
679 262 gi|57 33022 33108 
689 274 gi|57 36801 37495 
2120 301 gi|57 38000 38613 
63 328 gi|57 38406 38587 
2122 1580 gi|57 39161 40147 
683 822 gi|57 39195 39878 
2124 1030 gi|57 39204 40017 
1955 548 gi|58 8057 8938 
2092 1023 gi|58 9538 10485 
1723 279 gi|58 10010 10471 
11 301 gi|58 11336 11778 
1699 491 gi|58 15090 15406 
2097 750 gi|58 25500 25926 
2101 1841 gi|58 38487 39600 
2094 1317 gi|58 38787 39691 
2103 1047 gi|58 39840 40135 
2084 943 gi|59 5184 5885 
2071 373 gi|59 29731 30293 
2081 351 gi|59 29731 30293 
2073 283 gi|59 29797 29896 
1263 320 gi|59 29799 30287 
1383 259 gi|59 29800 30088 
2079 444 gi|59 29815 30397 
953 462 gi|59 29815 30312 
1181 367 gi|59 29816 30088 
2069 403 gi|59 29847 30293 
1307 279 gi|59 29878 30091 
2075 286 gi|59 30236 30303 
1241 290 gi|59 30236 30293 
2083 251 gi|59 30240 30298 
993 375 gi|59 30241 30435 
1289 273 gi|59 31157 31254 
2077 264 gi|59 31166 31253 
1349 287 gi|59 31169 31254 
359 435 gi|59 31618 31941 
349 290 gi|59 31801 31934 
351 567 gi|59 32304 32896 
357 422 gi|59 32322 32682 
353 830 gi|59 33307 33812 
361 886 gi|59 36412 37878 
347 3945 gi|59 36481 38185 
355 711 gi|59 36863 37680 
36 262 gi|6 7573 7685 
38 280 gi|6 7576 7685 
40 265 gi|6 7576 7685 
42 313 gi|6 7580 7648 
44 1041 gi|6 15984 16434 
46 341 gi|6 19635 19767 
48 1887 gi|6 27233 28509 
50 829 gi|6 31290 32729 
52 263 gi|6 36556 36661 
743 1010 gi|60 12636 13749 
1737 252 gi|60 17508 17580 
1757 254 gi|60 17532 17608 
2086 252 gi|60 17827 17929 
1847 318 gi|60 18096 18306 
1755 447 gi|60 18122 18370 
1039 305 gi|60 20775 21092 
2119 846 gi|60 23908 24288 
2088 253 gi|60 24593 24646 
2055 403 gi|60 25456 26119 
627 397 gi|60 28935 29075 
1485 341 gi|60 28939 29058 
2090 449 gi|60 28951 29138 
1859 473 gi|60 28952 29100 
587 321 gi|60 28953 29203 
617 403 gi|60 28958 29181 
603 279 gi|60 28958 29169 
2067 590 gi|60 28961 29139 
1743 2008 gi|60 31692 32578 
1741 966 gi|60 33766 34740 
841 277 gi|60 38386 38633 
1735 270 gi|60 38426 38520 
1119 260 gi|60 38526 38620 
2126 256 gi|61 684 802 
2128 254 gi|61 1605 1676 
1685 318 gi|61 11357 11603 
1907 461 gi|61 17064 17534 
1905 1901 gi|61 18405 19263 
1909 1476 gi|61 19368 20160 
1041 383 gi|61 24373 24686 
669 535 gi|61 24389 24690 
777 282 gi|61 24511 24676 
1913 7002 gi|61 29869 33079 
2130 414 gi|61 32412 32659 
1997 698 gi|61 33512 34608 
2132 985 gi|61 34373 35279 
2123 1580 gi|61 34430 35416 
681 1142 gi|61 34612 35391 
2085 943 gi|62 1207 1902 
1525 276 gi|62 2571 2724 
255 373 gi|62 2899 3053 
287 336 gi|62 5409 5604 
2160 364 gi|62 8329 8700 
2127 256 gi|62 8336 8454 
2129 254 gi|62 9171 9245 
1089 252 gi|62 9198 9292 
2162 252 gi|62 9467 9575 
239 253 gi|62 13507 13583 
17 264 gi|62 13808 14005 
37 262 gi|62 13808 13919 
1033 346 gi|62 13814 14038 
1067 1408 gi|62 15701 15886 
1591 1311 gi|62 15703 15914 
1509 1351 gi|62 15704 15915 
1711 1631 gi|62 15704 15883 
763 1125 gi|62 15704 15883 
1979 670 gi|62 15706 15858 
641 357 gi|62 15784 15890 
1095 816 gi|62 20027 20814 
185 652 gi|62 20103 20690 
151 250 gi|62 20104 20358 
2164 508 gi|62 20114 20337 
805 465 gi|62 20157 20694 
1931 270 gi|62 20619 20706 
1953 284 gi|62 20621 20741 
1113 266 gi|62 20988 21079 
201 300 gi|62 21901 22443 
1115 694 gi|62 21950 22447 
2166 356 gi|62 24030 24600 
811 336 gi|62 24030 24523 
191 611 gi|62 24041 24524 
2027 338 gi|62 24042 24523 
83 292 gi|62 24045 24220 
2168 488 gi|62 24061 24537 
1105 518 gi|62 24080 24565 
1837 261 gi|62 24112 24222 
1631 253 gi|62 24125 24214 
165 389 gi|62 24137 24290 
2009 285 gi|62 24138 24220 
1021 271 gi|62 24139 24235 
2170 273 gi|62 24175 24295 
1845 259 gi|62 24503 24589 
2037 274 gi|62 27318 27566 
1129 1561 gi|62 32994 34318 
1899 1369 gi|62 33012 34292 
1703 642 gi|62 33310 34156 
871 1518 gi|62 33381 34351 
1697 345 gi|62 33432 33692 
1523 385 gi|62 33434 34168 
913 592 gi|62 33441 34336 
1875 521 gi|62 33460 34217 
1811 391 gi|62 37824 38018 
2148 3069 gi|63 8416 9181 
863 252 gi|63 8422 8472 
387 1078 gi|63 8470 8793 
97 3140 gi|63 9569 10881 
221 275 gi|63 9849 9990 
773 284 gi|63 11068 11169 
771 401 gi|63 11692 12114 
269 2886 gi|63 13153 13605 
267 475 gi|63 14636 14904 
1889 1874 gi|63 16601 17334 
2150 1522 gi|63 21062 22014 
1625 591 gi|63 21256 21862 
2152 1039 gi|63 21324 21981 
2154 368 gi|63 22417 22718 
2156 315 gi|63 22972 23039 
367 520 gi|63 28467 28950 
1971 335 gi|63 28516 28911 
2158 252 gi|63 30671 30717 
895 546 gi|63 37117 37439 
1855 655 gi|64 1340 1909 
291 366 gi|64 4925 5194 
2057 547 gi|64 5716 6279 
371 295 gi|64 6191 6278 
2172 656 gi|64 10090 10539 
1747 1687 gi|64 12228 13032 
1851 409 gi|64 12252 13025 
1751 675 gi|64 19565 20050 
1853 262 gi|64 19836 20043 
1147 1948 gi|64 34220 35187 
1819 1565 gi|64 34275 35172 
2151 1522 gi|64 35801 36753 
2174 1343 gi|64 35831 36657 
1621 487 gi|64 35925 36585 
2176 439 gi|64 37610 37818 
223 1045 gi|64 39199 40142 
1873 389 gi|64 39203 40049 
2099 2162 gi|65 1 918 
2095 1317 gi|65 1 890 
1647 357 gi|65 3110 3328 
2134 322 gi|65 3221 3336 
1643 277 gi|65 3264 3328 
1891 438 gi|65 3272 3420 
1871 311 gi|65 13212 13865 
819 313 gi|65 13280 13525 
1013 252 gi|65 14880 15002 
2163 252 gi|65 15691 15793 
2161 364 gi|65 16630 17004 
1091 261 gi|65 16872 16964 
769 294 gi|65 29162 29229 
135 386 gi|65 31345 31665 
2011 312 gi|65 31361 31665 
2023 443 gi|65 31381 31696 
2136 260 gi|65 31428 31682 
2138 337 gi|65 31432 32074 
2140 340 gi|65 31438 31754 
817 322 gi|65 31448 31675 
1939 434 gi|65 31488 31684 
1609 432 gi|65 31573 31720 
2005 357 gi|65 31573 31664 
1813 296 gi|65 32120 32308 
1481 425 gi|65 32182 32308 
677 264 gi|65 34588 34747 
1759 284 gi|65 35352 35540 
655 286 gi|65 35385 35501 
2049 541 gi|65 35728 36433 
2053 563 gi|65 36582 37355 
1561 293 gi|66 2836 2914 
2142 256 gi|66 5896 6260 
2087 252 gi|66 6633 6729 
253 582 gi|66 9430 10428 
2105 255 gi|66 11675 11868 
1629 362 gi|66 11676 11860 
1941 328 gi|66 11690 11876 
2169 488 gi|66 11693 12180 
193 358 gi|66 11735 12056 
1107 504 gi|66 11737 12078 
821 283 gi|66 11781 11875 
2007 356 gi|66 11783 11867 
2144 307 gi|66 11788 11926 
647 462 gi|66 14141 14386 
1729 2248 gi|66 21750 22400 
2146 310 gi|66 31400 31562 
893 264 gi|66 31873 32098 
2173 656 gi|66 34392 34874 
1645 291 gi|67 1271 1383 
2135 322 gi|67 1291 1402 
1809 303 gi|67 1301 1452 
2043 1116 gi|67 3202 4690 
2041 341 gi|67 5614 6099 
2047 342 gi|67 6332 6457 
2045 258 gi|67 6962 7656 
35 610 gi|67 9510 10196 
687 311 gi|67 20555 20933 
1753 1395 gi|67 28615 29517 
657 832 gi|67 28618 29779 
1821 336 gi|67 33985 34590 
1065 2647 gi|67 36159 38488 
2061 897 gi|68 2681 2978 
1429 2649 gi|68 4932 5422 
571 254 gi|68 4971 5027 
1881 271 gi|68 5289 5319 
1471 498 gi|68 5616 5744 
1469 766 gi|68 5846 6013 
2194 2049 gi|68 8316 9130 
1879 619 gi|68 9381 9478 
1957 1162 gi|68 9400 10663 
2196 795 gi|68 9520 10100 
1995 711 gi|68 9537 10120 
1641 803 gi|68 9544 10340 
2198 2210 gi|68 11385 12137 
1579 2109 gi|68 11386 12137 
2200 624 gi|68 14884 15059 
1969 952 gi|68 14893 15125 
1963 1991 gi|68 15205 15706 
1441 515 gi|68 15351 15464 
2202 255 gi|68 15406 15535 
2204 649 gi|68 16148 16521 
2206 3583 gi|68 16658 18508 
2208 27206 gi|68 18480 24646 
2210 513 gi|68 25275 25549 
2212 2962 gi|68 27738 28421 
1575 273 gi|68 28469 28791 
2214 359 gi|68 28501 28873 
1573 1131 gi|68 29010 29345 
2216 498 gi|68 29011 29342 
2218 8372 gi|68 29437 33146 
2220 3766 gi|68 33499 34656 
2222 1186 gi|68 34877 35442 
2224 8304 gi|68 37213 39971 
2226 433 gi|69 16653 16900 
713 364 gi|69 22184 22357 
1567 14204 gi|69 22371 24290 
1569 1826 gi|69 24204 24625 
1571 1958 gi|69 25159 25669 
2217 498 gi|69 25284 25626 
2215 359 gi|69 25331 25717 
1577 15125 gi|69 27856 29864 
2199 2210 gi|69 28470 29204 
373 1895 gi|69 30352 30667 
2149 3069 gi|69 31659 32444 
389 1220 gi|69 32062 32383 
1817 264 gi|69 34387 34456 
99 291 gi|7 3376 3556 
280 291 gi|7 5980 6081 
282 255 gi|7 5995 6079 
284 2185 gi|7 12280 15555 
286 336 gi|7 16721 16928 
288 1094 gi|7 18042 19579 
290 366 gi|7 24186 24474 
261 266 gi|7 34269 34399 
292 438 gi|7 37336 37478 
2225 8304 gi|70 965 3731 
2223 1186 gi|70 3832 4384 
2221 3766 gi|70 4466 5655 
2219 8372 gi|70 5691 9399 
1925 259 gi|70 6382 6510 
2213 2962 gi|70 9456 10137 
2211 513 gi|70 11316 11638 
2209 27206 gi|70 12471 18687 
663 253 gi|70 15525 15569 
1677 305 gi|70 19130 19268 
2207 3583 gi|70 19618 21424 
2205 649 gi|70 21507 21873 
2227 433 gi|70 22146 22388 
1965 427 gi|70 22424 22722 
2203 255 gi|70 22595 22721 
1967 822 gi|70 22983 23312 
2201 624 gi|70 23143 23318 
251 409 gi|70 28164 28413 
245 326 gi|70 28898 29103 
1553 3859 gi|70 29363 31433 
1051 631 gi|70 31599 32239 
2159 252 gi|70 32571 32613 
2228 2078 gi|70 33123 34096 
1531 640 gi|70 33470 33981 
2230 320 gi|70 34499 34554 
1015 258 gi|70 38345 38430 
1023 495 gi|70 38743 39187 
2137 260 gi|70 38743 38997 
829 266 gi|70 38761 38933 
2029 573 gi|71 7 468 
809 348 gi|71 11 584 
1933 384 gi|71 11 467 
2003 340 gi|71 26 526 
1865 570 gi|71 68 749 
1607 582 gi|71 156 441 
143 405 gi|71 159 628 
1869 639 gi|71 165 651 
2141 340 gi|71 264 576 
2171 273 gi|71 269 389 
2145 307 gi|71 284 418 
131 460 gi|71 3590 3778 
779 348 gi|71 3591 3762 
289 1094 gi|71 9640 11129 
2178 554 gi|71 11839 12561 
2143 256 gi|71 12260 12626 
2195 2049 gi|71 14093 14911 
1139 313 gi|71 15566 16199 
1877 288 gi|71 15654 15820 
2180 1124 gi|71 23453 24288 
917 4279 gi|71 24292 25833 
209 352 gi|71 24886 25716 
561 480 gi|71 24897 25645 
2093 1023 gi|71 31688 32641 
2059 1935 gi|71 35621 37022 
803 1568 gi|72 694 1681 
183 484 gi|72 847 1454 
2139 337 gi|72 889 1528 
1935 476 gi|72 896 1303 
1099 266 gi|72 897 1454 
691 252 gi|72 898 1132 
2165 508 gi|72 898 1118 
1627 407 gi|72 903 1300 
2025 371 gi|72 913 1598 
2167 356 gi|72 934 1500 
1833 263 gi|72 964 1134 
867 331 gi|72 984 1123 
2013 280 gi|72 1006 1122 
1605 454 gi|72 1021 1433 
1989 264 gi|72 1024 1124 
159 318 gi|72 1027 1169 
2182 1099 gi|72 3016 3718 
1653 560 gi|72 3024 3401 
2107 1297 gi|72 3069 3932 
1831 346 gi|72 3103 3623 
2015 271 gi|72 3188 3286 
283 255 gi|72 3201 3285 
325 278 gi|72 3699 3957 
323 1111 gi|72 3708 5601 
117 421 gi|72 3736 4457 
2115 1011 gi|72 4621 5583 
2184 351 gi|72 4716 4992 
113 497 gi|72 4722 5584 
123 298 gi|72 4754 4979 
2113 316 gi|72 4755 5068 
177 313 gi|72 6300 6934 
2089 253 gi|72 6795 6849 
711 251 gi|72 6917 7016 
2001 577 gi|72 9861 10196 
1999 1593 gi|72 10382 10925 
2133 985 gi|72 10699 11614 
2125 1030 gi|72 10886 11708 
685 2178 gi|72 10936 11716 
1915 446 gi|72 19920 20329 
2131 414 gi|72 20241 20482 
2186 356 gi|72 26486 26873 
2188 547 gi|72 27178 27828 
2190 567 gi|72 28771 29091 
2192 762 gi|72 37250 38024 
1733 253 gi|72 37921 38048 
1405 271 gi|73 4679 4779 
853 1544 gi|73 13593 14584 
237 1670 gi|73 13632 14601 
1991 385 gi|73 29588 29825 
1987 336 gi|73 29650 29760 
1037 260 gi|73 37293 37335 
1961 1402 gi|73 37333 38508 
1639 878 gi|73 37722 38423 
2197 795 gi|73 37861 38447 
1993 579 gi|73 37975 38507 
1565 268 gi|73 38026 38175 
1745 264 gi|74 5449 5549 
2189 547 gi|74 6534 7175 
2187 356 gi|74 7504 7876 
2191 567 gi|74 7533 7853 
661 525 gi|74 9035 9510 
2121 301 gi|74 12329 12972 
65 363 gi|74 12768 12947 
1691 303 gi|74 13602 13871 
593 299 gi|74 18671 18823 
613 400 gi|74 19599 19897 
2091 449 gi|74 19693 19889 
599 404 gi|74 19721 19931 
1857 378 gi|74 19726 19888 
625 480 gi|74 19727 19939 
1489 377 gi|74 19759 19888 
583 469 gi|74 19780 19897 
2063 480 gi|74 19780 19894 
2017 1429 gi|74 23160 24476 
857 796 gi|74 25897 26530 
1975 286 gi|74 26209 26523 
1973 652 gi|74 26763 27704 
729 263 gi|74 31242 31315 
929 272 gi|74 33316 33531 
889 630 gi|74 34865 35316 
2181 1124 gi|75 390 1207 
2179 554 gi|75 2858 3575 
225 273 gi|75 5133 5403 
1455 517 gi|75 5465 6242 
1451 328 gi|75 5502 5699 
1389 344 gi|75 5595 5978 
2183 1099 gi|75 6900 7603 
1655 401 gi|75 6909 7162 
2109 1299 gi|75 6957 7537 
2035 269 gi|75 7086 7169 
717 255 gi|75 10518 10655 
1829 469 gi|75 11263 11684 
2229 2078 gi|75 11769 12730 
1533 596 gi|75 12161 12691 
2231 320 gi|75 13264 13319 
869 325 gi|75 13523 13706 
1539 293 gi|75 13524 13995 
709 469 gi|75 16793 17761 
2175 1343 gi|75 18824 19659 
1623 400 gi|75 18960 19578 
2153 1039 gi|75 19055 19707 
2155 368 gi|75 20097 20398 
2177 439 gi|75 20578 20784 
2157 315 gi|75 20649 20719 
2147 310 gi|75 22090 22253 
101 314 gi|75 22101 22250 
2111 399 gi|75 29515 30392 
1867 286 gi|75 29630 29717 
1111 330 gi|75 29982 30049 
2185 351 gi|75 30110 30395 
2117 271 gi|75 30116 30419 
329 269 gi|75 30151 30395 
2193 762 gi|75 32488 33268 
1475 294 gi|75 32663 32924 
1049 256 gi|75 34285 34490 
1433 312 gi|75 36066 36189 
1633 357 gi|75 36361 36571 
1541 507 gi|75 36363 36782 
1437 333 gi|75 36402 36771 
1495 1903 gi|75 38116 39202 
831 417 gi|75 39781 40079 
346 3945 gi|8 1 1699 
348 290 gi|8 64 197 
350 567 gi|8 552 1180 
352 830 gi|8 1609 2114 
354 711 gi|8 6220 7010 
356 422 gi|8 6413 6770 
358 435 gi|8 8712 9032 
360 886 gi|8 8769 10166 
362 484 gi|8 11884 12733 
364 551 gi|8 11924 12876 
366 520 gi|8 16784 17270 
368 435 gi|8 16841 17285 
279 3074 gi|8 22053 22928 
277 1224 gi|8 22930 23352 
275 2725 gi|8 23343 24324 
273 3558 gi|8 24305 24907 
271 1198 gi|8 24915 25292 
370 295 gi|8 26731 26815 
372 1895 gi|8 33902 34226 
374 487 gi|8 35106 35208 
376 425 gi|8 36221 36349 
378 799 gi|8 36919 37091 
380 1121 gi|8 37092 37348 
382 1402 gi|8 37093 37340 
384 626 gi|8 37343 37490 
386 1078 gi|8 39841 40147 
388 1220 gi|8 39843 40147 
634 697 gi|9 433 559 
638 368 gi|9 462 590 
640 357 gi|9 462 568 
636 374 gi|9 462 566 
642 330 gi|9 462 564 
644 409 gi|9 504 593 
646 462 gi|9 23523 23768 
648 3775 gi|9 26599 28334 
207 930 gi|9 34847 35567 
650 1238 gi|9 39423 40122 
652 702 gi|9 39443 39963 
654 286 gi|9 39451 39571 
