#  fam    ele   dir  sequence    start     end
     1      1  1       gi|1     1791     3218 
     1    105 -1       gi|2    37536    38157 
     1    742 -1      gi|79    15061    15491 
     2      2  1       gi|1     3254     3419 
     2    692  1      gi|74    26053    26221 
     2    784  1      gi|46    34369    34536 
     2    786  1      gi|69     7227     7394 
     2    788  1       gi|2     8098     8266 
     2    790 -1      gi|32    21724    21892 
     2    792 -1      gi|66    10567    10735 
     3      3  1       gi|1    11990    12108 
     3    674  1      gi|73    11599    12096 
     3    206  1      gi|31    13157    13453 
     4      4  1       gi|1    31930    31996 
     4    312 -1      gi|39    15012    15091 
     5      5  1       gi|1    36540    37347 
     5    130  1      gi|23    32886    33689 
     5    335  1      gi|40    22704    22819 
     6      6  1       gi|1    39089    40060 
     6    325  1       gi|4    25102    26094 
     7      7  1      gi|11       25      995 
     7    388 -1      gi|45    38871    39859 
     8      8  1      gi|11     1285     2793 
     8    243  1      gi|33    39992    40067 
     8    307 -1      gi|39     4356     5328 
     8    638  1       gi|7    12963    13483 
     9      9  1      gi|11     4634     4910 
    10     10  1      gi|11     9594    10045 
    10    106 -1      gi|20      615     1066 
    11     11  1      gi|11    11009    11356 
    12     12  1      gi|11    14991    16184 
    12    440 -1      gi|50     9597    10805 
    13     13  1      gi|11    17641    17721 
    13    896 -1      gi|48    20625    20807 
    13    523 -1      gi|59    38611    38804 
    13    806  1      gi|77     3635     3682 
    13    882  1      gi|77     3685     3788 
    13    897  1      gi|66    12126    12271 
    13    364  1      gi|43    17964    18032 
    14     14  1      gi|11    20422    21061 
    14    665  1      gi|71    32011    32648 
    15     16  1      gi|11    24936    27042 
    15    630  1      gi|69    28567    30711 
    16     17  1      gi|11    26682    27498 
    17     18  1      gi|11    39092    39728 
    17    761 -1       gi|8    34061    34709 
    18     19  1      gi|12      620     1286 
    18    222  1      gi|32    26055    26307 
    19     20  1      gi|12     1021     1711 
    19    279  1      gi|36    23448    24198 
    19     46 -1      gi|13    29379    30187 
    20     21  1      gi|12     6242     6763 
    20    817 -1      gi|32    30970    31528 
    20    668 -1      gi|72    35735    36314 
    20    819 -1      gi|13    15351    15665 
    21     22  1      gi|12     6838     7206 
    21    816 -1      gi|32    30448    30969 
    21    818 -1      gi|13    14991    15314 
    22     23  1      gi|12    11101    11391 
    22    781  1       gi|9    34437    34744 
    23     24  1      gi|12    20567    20951 
    23    584 -1      gi|66     9442    10104 
    23    787 -1      gi|39    12986    13178 
    23     39  1      gi|13    16673    17219 
    23    595 -1      gi|66    33593    34317 
    23     36  1      gi|13    10047    10463 
    24     25  1      gi|12    23564    25057 
    24    226 -1      gi|32    31817    33312 
    24    670  1      gi|72    40410    41102 
    25     26  1      gi|12    25680    25772 
    25    330 -1      gi|40    12439    12528 
    26     27  1      gi|12    28206    28599 
    26    593  1      gi|66    27147    27408 
    26    290 -1      gi|37    32008    32155 
    27     28  1      gi|12    29365    30219 
    27    639 -1       gi|7    13345    14033 
    27    664  1      gi|71    30124    30972 
    27    204 -1      gi|31     6013     6854 
    28     29  1      gi|12    31145    31525 
    29     30  1      gi|12    31390    31661 
    29    280 -1      gi|36    26345    26692 
    30     31  1      gi|12    36106    36158 
    30    370 -1      gi|43    28485    28536 
    31     32  1      gi|12    36722    36978 
    31    775 -1       gi|9    24150    24499 
    31    224 -1      gi|32    28077    28178 
    31    629  1      gi|69    23217    23479 
    32     33  1      gi|12    36886    37132 
    33     35  1      gi|13     2004     3616 
    34     38  1      gi|13    15602    16889 
    34    536  1       gi|6    28947    29739 
    34    259 -1      gi|35    14515    14801 
    34    791 -1      gi|66    10426    10566 
    35     40  1      gi|13    17354    18349 
    35    492  1      gi|55    39084    40061 
    36     41  1      gi|13    19998    20303 
    36    642 -1       gi|7    30719    31024 
    37     42  1      gi|13    21578    22225 
    38     43  1      gi|13    24064    24818 
    38    686  1      gi|74     3472     4319 
    39     44  1      gi|13    26657    27349 
    39    298 -1      gi|38     7280     7937 
    39    765 -1       gi|9     2155     2804 
    40     45  1      gi|13    27565    28735 
    40    624  1      gi|69    14081    15476 
    40    239  1      gi|33    29231    30390 
    40    799  1      gi|24    15830    17055 
    40    800 -1      gi|41      133     1315 
    41     47  1      gi|13    31663    31830 
    41    538  1       gi|6    33274    33447 
    42     48  1      gi|13    31761    32015 
    42    262 -1      gi|35    30644    30802 
    42    798  1      gi|55     3769     3819 
    43     49  1      gi|13    34034    34666 
    43    617  1      gi|68    31009    31901 
    43    744  1      gi|79    19463    19518 
    44     50  1      gi|14     8733     8787 
    44    284  1      gi|37    17384    17437 
    45     52  1      gi|14    16650    19300 
    45    601  1      gi|67    24252    26915 
    45    671  1      gi|73     1650     4296 
    46     53  1      gi|14    31796    31888 
    46    572 -1      gi|65     2389     2695 
    46    724 -1      gi|77    34954    35199 
    46    726 -1      gi|77    39926    40066 
    47     54  1      gi|14    38608    40067 
    47    380  1      gi|45      874     2340 
    48     55  1      gi|15        1     2225 
    48    836 -1      gi|29     9682    11936 
    48    843  1       gi|6    17549    19818 
    49     56  1      gi|15    10240    10862 
    49    755  1       gi|8    19466    20071 
    50     57  1      gi|15    11379    12192 
    50    339 -1      gi|40    29966    30794 
    51     58  1      gi|15    14553    14788 
    51    893  1      gi|33     8439     8661 
    51    249  1      gi|34    17520    17678 
    51    749  1       gi|8      777      946 
    51    804  1      gi|75    32398    32606 
    52     59  1      gi|15    21028    21182 
    52    663  1      gi|71    28622    28817 
    52    181  1      gi|28    29203    29286 
    52    346 -1      gi|41    14580    14671 
    52    396 -1      gi|46    19164    19221 
    53     60  1      gi|15    21107    21357 
    53    591 -1      gi|66    18826    19166 
    54     61  1      gi|15    24812    25229 
    54    142 -1      gi|25     2389     2833 
    55     62  1      gi|15    30667    31527 
    55    214 -1      gi|32     5045     5931 
    55    275  1      gi|36    18430    18791 
    56     63  1      gi|15    31614    31890 
    56    213 -1      gi|32     4739     5015 
    57     64  1      gi|15    33289    34274 
    57    759 -1       gi|8    32589    33697 
    57    760  1       gi|8    33766    33971 
    57    769  1       gi|9     6992     7913 
    57    228 -1      gi|33     3865     3978 
    57    796 -1      gi|11    23128    23197 
    57    795 -1      gi|11    22975    23126 
    57    438  1       gi|5    31444    31517 
    58     65  1      gi|15    39299    40067 
    58    838  1      gi|33    19652    20479 
    58    841 -1      gi|35     5454     6281 
    59     66  1      gi|16     1160     2886 
    59    404  1      gi|47     3152     4821 
    60     67  1      gi|16     3507     5153 
    60     95 -1       gi|2     6002     7596 
    61     68  1      gi|16    13651    14536 
    61    444 -1      gi|50    24038    24468 
    61    489 -1      gi|55    27810    28678 
    62     69  1      gi|16    19885    19995 
    62     73  1      gi|17     1656     1748 
    63     70  1      gi|16    21465    22107 
    63    652  1      gi|70    33469    34199 
    63    417 -1      gi|49      511     1282 
    64     71  1      gi|16    24352    24836 
    64    360  1      gi|43     7752     8212 
    65     72  1      gi|17        2     1292 
    65    465  1      gi|53    10198    11668 
    65    714  1      gi|76    29988    30570 
    65    713  1      gi|76    28873    30037 
    66     74  1      gi|17     2276     2525 
    66    254  1      gi|34    38197    38473 
    66    415  1      gi|48    27294    27332 
    67     75  1      gi|17     5600     7235 
    67    374 -1      gi|44      677     4056 
    67    281  1      gi|36    29250    32436 
    67    494 -1      gi|56     3404     4138 
    68     76  1      gi|17     8614     9594 
    68    710  1      gi|76      532     1502 
    69     77  1      gi|17     9794    10948 
    69    709  1      gi|75    38772    39921 
    70     79  1      gi|17    19113    20244 
    71     80  1      gi|17    30758    31626 
    71    770 -1       gi|9    10645    11994 
    72     81  1      gi|17    37442    37610 
    72    207  1      gi|31    14104    14299 
    73     82  1      gi|17    37860    38691 
    73    237 -1      gi|33    25395    25993 
    74     85  1      gi|18     7413     7484 
    74    852  1      gi|30     2459     2535 
    74    858  1      gi|74    38754    38828 
    74    863  1      gi|70    39284    39357 
    74    869  1      gi|40    17812    17883 
    74     88 -1      gi|18    26793    26879 
    74    331  1      gi|40    15745    15817 
    74    856  1      gi|18    29809    29893 
    74    867  1      gi|18     7064     7130 
    74    861  1      gi|18    30049    30121 
    74    865  1      gi|18     7257     7330 
    75     86  1      gi|18     9839    10799 
    75    391  1      gi|46     9330    10293 
    76     87  1      gi|18    13202    13442 
    76    514 -1      gi|58    23596    23833 
    77     89  1      gi|18    28357    29782 
    77    451 -1      gi|51    14353    15733 
    78     92  1      gi|18    32145    32617 
    78    758  1       gi|8    27500    27937 
    79     93  1      gi|18    35847    36008 
    79    305  1      gi|38    33109    33267 
    80     94  1       gi|2     4431     4768 
    81     97  1       gi|2     9837     9959 
    81    349  1      gi|41    20596    20651 
    81    728  1      gi|78     5019     5120 
    81    797 -1      gi|55     3708     3767 
    82     98  1       gi|2    16239    16376 
    82    493  1      gi|56     3078     3216 
    83     99  1       gi|2    20261    20776 
    83    221 -1      gi|32    22054    22605 
    84    100  1       gi|2    21882    23133 
    84    166 -1      gi|27    22356    23634 
    85    101  1       gi|2    27743    28460 
    85    660  1      gi|71    14040    14744 
    86    102  1       gi|2    32152    33182 
    86    317  1      gi|39    29852    30928 
    87    103  1       gi|2    33098    33304 
    87    340 -1      gi|40    30656    31089 
    87    579 -1      gi|65    22176    22298 
    87    589 -1      gi|66    15652    15981 
    87    217  1      gi|32    15106    15187 
    87    238  1      gi|33    27474    27524 
    88    104  1       gi|2    33481    34396 
    88    318  1      gi|39    30987    31903 
    89    107  1      gi|20     7692     9359 
    89    160 -1      gi|26    32651    32708 
    89    328 -1      gi|40     8580    10263 
    89    488 -1      gi|55    23383    24784 
    89    353  1      gi|42     6745     7122 
    89    563  1      gi|62    33599    34222 
    89    399 -1      gi|46    26222    26579 
    90    108  1      gi|20     9415     9489 
    90    245 -1      gi|34     1249     1756 
    90    172 -1      gi|28     4204     4717 
    91    110  1      gi|20    11690    13443 
    91    525  1       gi|6        4     1727 
    92    111  1      gi|20    16643    18421 
    92    351  1      gi|41    29796    31370 
    92    491 -1      gi|55    33584    34016 
    92    154 -1      gi|26    12163    12332 
    92    782 -1       gi|9    34918    35191 
    93    112  1      gi|20    27113    27167 
    93    227  1      gi|32    34541    34731 
    93    768 -1       gi|9     4987     5016 
    93    162 -1      gi|27       98      278 
    93    779 -1       gi|9    27526    27745 
    94    113  1      gi|20    27161    27988 
    94    232  1      gi|33    15626    16258 
    94    247  1      gi|34     5364     6096 
    94    250  1      gi|34    23647    24585 
    94    558 -1      gi|62    13351    14005 
    94    490  1      gi|55    31548    32158 
    94    675 -1      gi|73    12556    13126 
    94    435  1       gi|5    22923    23538 
    95    114  1      gi|20    29775    31515 
    95    661 -1      gi|71    17654    19397 
    96    115  1      gi|20    33886    34774 
    96    518 -1      gi|59     4847     5726 
    97    116  1      gi|22     5114     6593 
    97    175 -1      gi|28    10221    11698 
    98    117  1      gi|22     9083     9489 
    98    386 -1      gi|45    36102    37024 
    99    118  1      gi|22    10069    10151 
    99    390 -1      gi|46     2844     2931 
   100    119  1      gi|22    12932    14482 
   100    708  1      gi|75    33756    35168 
   101    120  1      gi|22    15269    16540 
   101    357  1      gi|42    28729    28908 
   101    505 -1      gi|57    16152    16524 
   102    122  1      gi|22    38482    38660 
   102    168 -1      gi|27    31537    31656 
   102    468 -1      gi|53    23707    23834 
   103    123  1      gi|23    11001    11082 
   103    672  1      gi|73     6136     6224 
   104    124  1      gi|23    16091    17157 
   104    829  1      gi|14    13765    14832 
   104    830  1      gi|26     3195     4265 
   104    832  1      gi|73    20733    21802 
   105    125  1      gi|23    19238    19302 
   105    743 -1      gi|79    17836    17903 
   106    126  1      gi|23    23808    23956 
   106    452 -1      gi|51    17086    17234 
   107    127  1      gi|23    25278    25499 
   107    165 -1      gi|27    15251    15470 
   108    128  1      gi|23    25634    26165 
   108    164 -1      gi|27    14612    15089 
   109    129  1      gi|23    29528    30592 
   109    236  1      gi|33    22919    24001 
   110    131  1      gi|23    35253    35305 
   110    252 -1      gi|34    25673    27779 
   110    177 -1      gi|28    11883    13963 
   110    495 -1      gi|56    11034    11102 
   111    132  1      gi|23    37328    38855 
   111    294  1      gi|38     2943     4385 
   111    594  1      gi|66    32665    32822 
   111    611  1      gi|68     7452     8223 
   112    133  1      gi|23    39628    40061 
   112    210 -1      gi|31    31809    32974 
   112    274 -1      gi|36    16539    17541 
   113    134  1      gi|24    12389    13643 
   114    137  1      gi|24    19833    20062 
   114    510  1      gi|58    12354    12581 
   115    138  1      gi|24    21152    21650 
   115    195 -1      gi|30     8489     8892 
   115    196 -1      gi|30    14113    14617 
   116    139  1      gi|24    24459    26549 
   116    272 -1      gi|36    11761    14288 
   116    189 -1      gi|29    18316    20159 
   116    300  1      gi|38    13952    15131 
   116    205  1      gi|31    10033    10111 
   117    140  1      gi|24    27881    28005 
   117    304  1      gi|38    32549    32656 
   118    141  1      gi|24    36069    37508 
   118    457  1      gi|52      958     2613 
   118    229 -1      gi|33     3994     4739 
   118    395 -1      gi|46    16027    16516 
   119    143  1      gi|25     3489     4715 
   119    732  1      gi|78    28673    29872 
   120    144  1      gi|25     8391     8745 
   120    734  1      gi|78    31606    31955 
   121    145  1      gi|25     8911     9922 
   121    511  1      gi|58    14451    15417 
   122    146  1      gi|25    15675    16250 
   122    570  1      gi|65        3      555 
   123    147  1      gi|25    16761    17941 
   123    412  1      gi|48     3848     5030 
   123    475 -1      gi|54    14260    14463 
   124    148  1      gi|25    23782    24272 
   124    193 -1       gi|3     6453     7321 
   124    425 -1      gi|49    34447    35293 
   125    149  1      gi|26     2929     3042 
   125    477 -1      gi|54    21332    21446 
   126    150  1      gi|26     3046     3114 
   126    568 -1      gi|64    20809    20874 
   127    152  1      gi|26     9350    10590 
   127    603  1      gi|67    30068    31300 
   127    324  1       gi|4    20595    21873 
   128    155  1      gi|26    16949    17543 
   128    498  1      gi|56    26286    26881 
   129    156  1      gi|26    17917    18019 
   129    167 -1      gi|27    25067    25170 
   130    157  1      gi|26    18309    19309 
   130    427 -1       gi|5     7852     8932 
   130    158  1      gi|26    19557    20622 
   131    159  1      gi|26    21223    21801 
   131    654 -1      gi|70    34607    35179 
   132    161  1      gi|26    38066    39137 
   132    443  1      gi|50    22759    23830 
   132    565  1      gi|64     2993     4081 
   133    163  1      gi|27    12545    13371 
   133    478  1      gi|54    24277    25088 
   134    169  1      gi|27    34100    34294 
   134    373  1      gi|43    35154    35369 
   134    190  1      gi|29    23243    23330 
   134    738 -1      gi|79     1045     1090 
   135    170  1      gi|27    39618    39962 
   135    171  1      gi|28     1436     1860 
   135    384 -1      gi|45    23972    24392 
   136    173  1      gi|28     4753     5356 
   136    288 -1      gi|37    23682    24249 
   137    174  1      gi|28     6080     7488 
   137    479 -1      gi|54    30266    30954 
   137    650 -1      gi|70    24520    25439 
   138    176  1      gi|28    11771    11899 
   138    537  1       gi|6    29732    29860 
   139    178  1      gi|28    14488    15823 
   139    253  1      gi|34    28351    29710 
   139    725  1      gi|77    37975    38108 
   140    179  1      gi|28    24660    26158 
   140    355  1      gi|42    13243    14761 
   140    442 -1      gi|50    16671    16767 
   141    180  1      gi|28    26939    27058 
   141    631  1      gi|69    37076    37201 
   142    182  1      gi|28    31373    32076 
   142    731 -1      gi|78    27727    28431 
   143    183  1      gi|28    32149    32240 
   143    369  1      gi|43    27581    27676 
   144    184  1      gi|28    34521    34926 
   144    269 -1      gi|36      991     1402 
   145    185  1      gi|28    35118    35966 
   145    268 -1      gi|36       38      886 
   146    186  1      gi|29     9344     9447 
   147    188  1      gi|29    13298    14171 
   147    319 -1      gi|39    32816    34020 
   147    256  1      gi|35     2731     3887 
   148    191  1      gi|29    28337    28918 
   148    699  1      gi|75     3241     3721 
   149    192  1       gi|3     5634     5804 
   149    616 -1      gi|68    28641    28806 
   150    197  1      gi|30    21995    22070 
   151    198  1      gi|30    22127    22329 
   151    260 -1      gi|35    15382    15467 
   151    381  1      gi|45    11317    11625 
   151    534  1       gi|6    24829    25063 
   151    372 -1      gi|43    33758    33956 
   152    199  1      gi|30    30680    31245 
   152    367 -1      gi|43    22325    22897 
   152    508 -1      gi|57    38878    39255 
   153    200  1      gi|30    32401    33193 
   153    888 -1      gi|78    24469    24533 
   154    201  1      gi|30    35766    36022 
   154    592 -1      gi|66    25234    25510 
   155    202  1      gi|30    38836    40067 
   155    837 -1      gi|29    11938    13177 
   155    842  1       gi|6    16308    17549 
   155    886  1      gi|43    17752    17822 
   155    845 -1      gi|53    15014    15119 
   155    847 -1       gi|5    20667    20776 
   156    203  1      gi|31      386      953 
   157    208  1      gi|31    14354    14533 
   157    295 -1      gi|38     4528     4701 
   158    209  1      gi|31    26308    26427 
   158    740 -1      gi|79    13429    13548 
   159    211  1      gi|32      677     2059 
   159    472  1      gi|54      535     1925 
   159    311 -1      gi|39    13821    14004 
   160    212  1      gi|32     2456     3714 
   160    354  1      gi|42     7505     8728 
   161    215  1      gi|32     5942     6577 
   161    598  1      gi|67    10491    11113 
   162    216  1      gi|32     6906     7571 
   162    657  1      gi|71     4076     5906 
   162    356  1      gi|42    14946    16784 
   162    365  1      gi|43    19010    20247 
   162    605 -1      gi|67    36590    37621 
   162    599 -1      gi|67    11567    13378 
   162    366  1      gi|43    20301    22110 
   163    218  1      gi|32    18100    18464 
   164    219  1      gi|32    18315    18868 
   164    697 -1      gi|74    36759    37711 
   165    223  1      gi|32    27538    27955 
   166    231  1      gi|33    11527    11569 
   166    283  1      gi|37    12508    12553 
   167    233  1      gi|33    17455    19060 
   167    483 -1      gi|55    13166    14781 
   168    235  1      gi|33    22395    22984 
   168    545  1      gi|61      232      398 
   169    240  1      gi|33    32574    32987 
   169    524 -1      gi|59    39639    40063 
   170    241  1      gi|33    33010    33842 
   170    445  1      gi|50    27405    28226 
   171    244  1      gi|34        1      712 
   171    588  1      gi|66    12581    13789 
   172    246  1      gi|34     2097     2698 
   172    487 -1      gi|55    22333    22875 
   172    407 -1      gi|47    21199    21758 
   172    458  1      gi|52     4025     4432 
   173    248  1      gi|34     9002     9805 
   173    377 -1      gi|44    26704    27548 
   173    700 -1      gi|75     4813     4967 
   174    251  1      gi|34    24840    25510 
   175    255  1      gi|34    39917    40065 
   175    574  1      gi|65     6956     7794 
   175    727  1      gi|78      166      674 
   176    258  1      gi|35     8908     9074 
   176    564  1      gi|62    35826    35991 
   177    261  1      gi|35    17246    17415 
   177    573  1      gi|65     5921     6079 
   178    263  1      gi|35    33235    33694 
   178    645  1      gi|70     1008     1449 
   179    264  1      gi|35    35193    35267 
   179    375 -1      gi|44    10366    10585 
   179    302 -1      gi|38    29200    29398 
   179    301  1      gi|38    22599    22775 
   179    696 -1      gi|74    36588    36733 
   179    729  1      gi|78    13603    13687 
   179    426 -1       gi|5     4187     4261 
   180    265  1      gi|35    35400    36583 
   180    610 -1      gi|68     5186     6387 
   181    266  1      gi|35    36536    36847 
   182    267  1      gi|35    39254    39586 
   182    619 -1      gi|68    39681    39903 
   182    828 -1      gi|13      146      274 
   182    470  1      gi|53    35271    35336 
   183    270  1      gi|36     1477     1750 
   184    271  1      gi|36     9943    11588 
   184    519 -1      gi|59    17592    19237 
   184    622  1      gi|69     9569    11091 
   184    441  1      gi|50    10732    12299 
   185    273  1      gi|36    15827    16054 
   186    276  1      gi|36    19324    19405 
   186    439  1       gi|5    36635    36723 
   187    277  1      gi|36    19616    20956 
   187    778 -1       gi|9    25891    26948 
   187    677  1      gi|73    20361    20534 
   187    681 -1      gi|73    22748    24053 
   187    682 -1      gi|73    24146    25470 
   187    821 -1       gi|9    24386    24850 
   187    823 -1      gi|39    10357    11842 
   188    278  1      gi|36    20918    21055 
   188    623  1      gi|69    11814    12142 
   189    282  1      gi|37    11507    11778 
   189    549 -1      gi|61    13733    14019 
   190    285  1      gi|37    18568    19001 
   190    297 -1      gi|38     6210     6639 
   191    286  1      gi|37    21283    21520 
   192    287  1      gi|37    21482    23801 
   192    296 -1      gi|38     4914     6144 
   192    794  1       gi|9     3578     4821 
   192    541  1       gi|6    37228    37994 
   192    590 -1      gi|66    17414    18197 
   192    793 -1       gi|8    21059    21426 
   192    449  1      gi|51     9094     9507 
   193    289  1      gi|37    28822    29960 
   193    669 -1      gi|72    37939    38592 
   193    764 -1       gi|9     1754     2198 
   194    291  1      gi|37    33597    33673 
   194    635 -1       gi|7     2109     2185 
   195    292  1      gi|37    36441    36753 
   196    293  1      gi|37    38297    38511 
   196    303  1      gi|38    32344    32573 
   197    299  1      gi|38    12443    12811 
   197    772 -1       gi|9    12699    13073 
   198    306  1      gi|39     3326     3671 
   198    662 -1      gi|71    22729    22829 
   199    308  1      gi|39     9593    10202 
   199    735 -1      gi|78    34209    35295 
   199    316  1      gi|39    24091    25148 
   200    313  1      gi|39    20911    21195 
   201    314  1      gi|39    21892    22001 
   201    811  1      gi|67    38481    38588 
   201    546 -1      gi|61     1819     1929 
   201    873 -1      gi|24    19381    19484 
   201    878  1      gi|53     2561     2662 
   201    462 -1      gi|53     2403     2527 
   201    542 -1      gi|60    14054    14133 
   201    870  1      gi|20    10154    10263 
   201    876 -1       gi|5    15805    15913 
   201    881 -1      gi|74    25888    25996 
   201    884  1      gi|66    12293    12386 
   201    368 -1      gi|43    25033    25142 
   201    376  1      gi|44    13065    13218 
   201    871  1      gi|49     7451     7569 
   201    773  1       gi|9    16809    16915 
   201    894 -1      gi|61    28758    28854 
   201    814 -1      gi|48    20512    20589 
   201    315  1      gi|39    22028    22130 
   201    323  1       gi|4    10618    10689 
   202    320  1      gi|39    35997    36286 
   203    321  1      gi|39    39235    39964 
   203    382  1      gi|45    13984    14740 
   203    352  1      gi|42     6215     6658 
   204    322  1       gi|4    10533    10598 
   204    550  1      gi|61    16998    17137 
   204    632  1      gi|69    39650    39808 
   205    326  1       gi|4    26097    26399 
   205    633  1       gi|7        2      295 
   206    327  1      gi|40        1      943 
   206    839  1      gi|33    20480    21542 
   206    840 -1      gi|35     4367     5453 
   207    329  1      gi|40    11988    12045 
   207    480 -1      gi|55     1074     1131 
   208    333  1      gi|40    18339    18799 
   208    752  1       gi|8     9558    11448 
   208    643 -1       gi|7    31265    32971 
   208    613  1      gi|68    18927    19389 
   209    334  1      gi|40    20529    21071 
   209    408  1      gi|47    28208    28765 
   210    336  1      gi|40    26684    27488 
   211    337  1      gi|40    27492    28052 
   212    338  1      gi|40    29447    29587 
   213    341  1      gi|40    37271    38492 
   213    398 -1      gi|46    23761    25004 
   213    889  1      gi|78    24535    25191 
   214    342  1      gi|40    38396    39732 
   214    397 -1      gi|46    23114    23831 
   214    803 -1       gi|8    16513    16699 
   215    343  1      gi|40    39604    40054 
   215    774  1       gi|9    19241    20611 
   215    403  1      gi|47      371     1548 
   216    345  1      gi|41    10722    12319 
   216    655  1      gi|70    37106    38716 
   217    347  1      gi|41    14746    14803 
   217    576  1      gi|65    13045    13103 
   218    348  1      gi|41    18490    18948 
   219    350  1      gi|41    24267    24859 
   219    502  1      gi|56    36052    36660 
   220    358  1      gi|43     3777     3894 
   220    676  1      gi|73    18178    18287 
   221    359  1      gi|43     5662     6382 
   221    496  1      gi|56    22136    22838 
   221    484 -1      gi|55    19466    19736 
   222    361  1      gi|43    16320    17552 
   222    378 -1      gi|44    29597    30829 
   223    371  1      gi|43    32960    33073 
   223    704 -1      gi|75    20529    20651 
   224    379  1      gi|44    38091    38148 
   224    715  1      gi|76    35972    36032 
   225    383  1      gi|45    16411    17568 
   225    424  1      gi|49    28902    30020 
   225    718  1      gi|77     2372     2636 
   226    385  1      gi|45    24410    24824 
   226    450  1      gi|51    10360    10796 
   227    387  1      gi|45    38229    38615 
   227    416  1      gi|48    28167    28541 
   228    389  1      gi|46        1      212 
   228    561  1      gi|62    17745    17953 
   229    392  1      gi|46    10405    11480 
   229    547  1      gi|61     2719     3799 
   230    393  1      gi|46    12383    12484 
   230    673  1      gi|73     9597     9688 
   231    394  1      gi|46    12552    13146 
   231    405 -1      gi|47     4884     5567 
   231    453 -1      gi|51    28877    29554 
   231    567 -1      gi|64    13162    13301 
   232    400  1      gi|46    30988    31060 
   232    783  1       gi|9    35583    35656 
   233    402  1      gi|46    38594    38643 
   233    535  1       gi|6    26689    27755 
   233    474  1      gi|54     7838     8939 
   234    406  1      gi|47    19958    20040 
   234    651  1      gi|70    32721    32806 
   235    409  1      gi|47    33343    34880 
   235    469  1      gi|53    33365    34971 
   235    562 -1      gi|62    24400    25902 
   236    410  1      gi|47    35997    36449 
   236    432  1       gi|5    15938    16408 
   237    411  1      gi|47    37376    37933 
   237    413  1      gi|48    10693    11249 
   238    418  1      gi|49     3274     4219 
   238    737 -1      gi|79        2     1037 
   238    849 -1      gi|17    18835    18895 
   239    421  1      gi|49    12366    13345 
   239    530 -1       gi|6    13740    14785 
   240    422  1      gi|49    13514    13708 
   240    529 -1       gi|6    11200    11399 
   241    423  1      gi|49    21229    21308 
   241    485  1      gi|55    19819    19946 
   242    428  1       gi|5    10988    11063 
   242    825  1       gi|6     3798     4067 
   242    826 -1      gi|33    33780    34058 
   242    892  1      gi|56    33176    33253 
   242    473  1      gi|54     2772     2905 
   243    429  1       gi|5    11145    12045 
   243    733  1      gi|78    29996    30909 
   243    745 -1      gi|79    25829    26222 
   244    430  1       gi|5    15564    15654 
   245    433  1       gi|5    19326    20514 
   245    581 -1      gi|65    33240    34434 
   246    436  1       gi|5    24238    24330 
   246    522  1      gi|59    31514    31928 
   246    722 -1      gi|77    31406    31919 
   246    694  1      gi|74    29651    29696 
   247    437  1       gi|5    30797    31394 
   247    551 -1      gi|61    17289    18127 
   248    446  1      gi|50    32429    32641 
   249    447  1      gi|50    34575    34945 
   250    448  1      gi|50    36197    36368 
   250    666 -1      gi|71    38615    39532 
   250    780  1       gi|9    29503    30476 
   251    454  1      gi|51    31055    31295 
   251    555 -1      gi|62     7250     7514 
   252    455  1      gi|51    36394    37432 
   252    625  1      gi|69    17195    18057 
   252    649  1      gi|70    12500    13542 
   252    721 -1      gi|77    28801    28871 
   252    626  1      gi|69    18221    18908 
   253    456  1      gi|51    38468    38574 
   253    527 -1       gi|6     2686     2793 
   254    460  1      gi|52    38928    39010 
   254    612  1      gi|68    18528    18610 
   255    461  1      gi|53     1700     1763 
   255    693  1      gi|74    27966    28032 
   256    464  1      gi|53     9655     9792 
   256    575 -1      gi|65    12162    12276 
   257    467  1      gi|53    15866    16314 
   257    543 -1      gi|60    14258    14726 
   258    471  1      gi|53    39079    40064 
   258    848  1      gi|17    17812    18830 
   258    851 -1      gi|49     4167     4895 
   259    476  1      gi|54    15284    15429 
   259    566 -1      gi|64     4078     4252 
   260    482  1      gi|55    12990    13039 
   260    637 -1       gi|7    12363    12618 
   261    486  1      gi|55    21925    22044 
   262    497  1      gi|56    24642    24887 
   262    762  1       gi|8    36540    37751 
   263    499  1      gi|56    28536    29008 
   263    554  1      gi|61    31919    32501 
   263    604 -1      gi|67    31354    31931 
   264    500  1      gi|56    31639    31915 
   264    602 -1      gi|67    29314    29591 
   265    503  1      gi|57        9      701 
   266    504  1      gi|57    14258    15086 
   266    521  1      gi|59    29696    30711 
   266    712  1      gi|76    27441    28403 
   267    506  1      gi|57    19247    20023 
   267    720 -1      gi|77    18697    19558 
   267    667 -1      gi|71    39599    39695 
   268    507  1      gi|57    37833    38592 
   269    509  1      gi|57    40728    40988 
   269    596  1      gi|66    34673    34932 
   270    512  1      gi|58    18696    18922 
   270    801  1      gi|76    39615    39778 
   271    513  1      gi|58    22675    22824 
   271    702 -1      gi|75     6416     6566 
   272    515  1      gi|58    29041    29539 
   272    608  1      gi|68     3687     4158 
   273    516  1      gi|58    29913    30488 
   273    609  1      gi|68     4532     5104 
   274    517  1      gi|58    31821    32685 
   274    548  1      gi|61     6396     7272 
   274    754 -1       gi|8    17053    17555 
   275    520  1      gi|59    24203    25125 
   275    569  1      gi|64    35268    36187 
   276    526  1       gi|6     1664     1964 
   277    531  1       gi|6    15707    15826 
   277    736 -1      gi|78    39735    39863 
   278    533  1       gi|6    22431    24114 
   278    556 -1      gi|62     8109     9780 
   278    723 -1      gi|77    34333    34402 
   279    539  1       gi|6    33384    33629 
   280    540  1       gi|6    36804    37457 
   281    544  1      gi|60    34296    35380 
   281    618 -1      gi|68    38609    39690 
   282    552  1      gi|61    23011    23210 
   283    557  1      gi|62    10005    10822 
   283    647  1      gi|70     5440     6247 
   284    559  1      gi|62    14415    16079 
   284    683  1      gi|73    40273    41859 
   285    560  1      gi|62    16091    17723 
   285    684  1      gi|73    41783    43451 
   286    571  1      gi|65     1175     1518 
   286    741  1      gi|79    14346    14693 
   287    577  1      gi|65    16584    16709 
   287    748 -1       gi|8       35      625 
   288    578  1      gi|65    18852    18914 
   288    644  1       gi|7    33921    33983 
   289    580  1      gi|65    33001    33142 
   289    763  1       gi|8    38130    38282 
   290    582  1      gi|65    34720    35135 
   290    640 -1       gi|7    15697    16139 
   291    583  1      gi|66     7738     8615 
   291    747 -1      gi|79    33772    34636 
   292    586  1      gi|66    10716    11042 
   292    648  1      gi|70     9760    10454 
   292    822 -1      gi|39    10303    10356 
   293    597  1      gi|67      589     1989 
   293    634  1       gi|7      537     1955 
   294    600  1      gi|67    18870    19217 
   295    607  1      gi|67    39280    39724 
   296    614  1      gi|68    19204    20072 
   297    615  1      gi|68    27070    28426 
   298    621  1      gi|69     8971     9375 
   298    766  1       gi|9     3079     3507 
   299    627  1      gi|69    21317    21362 
   299    750 -1       gi|8     1318     1366 
   300    628  1      gi|69    23094    23317 
   301    636  1       gi|7     2763     3417 
   302    641  1       gi|7    23298    23601 
   303    646  1      gi|70     2141     2793 
   304    653  1      gi|70    34301    34503 
   305    658  1      gi|71     7151     7358 
   305    746 -1      gi|79    27634    27841 
   306    659  1      gi|71     9311    10431 
   307    678  1      gi|73    20526    20736 
   307    687  1      gi|74    19495    19713 
   307    690 -1      gi|74    23390    23594 
   308    680  1      gi|73    21804    22822 
   308    689 -1      gi|74    22359    23388 
   308    688  1      gi|74    19708    20729 
   309    685  1      gi|74     3097     3387 
   310    695  1      gi|74    34556    34810 
   311    701  1      gi|75     5257     5440 
   311    771  1       gi|9    12176    12650 
   312    703  1      gi|75    13100    13756 
   313    705  1      gi|75    28080    29026 
   314    706  1      gi|75    31542    32034 
   315    711  1      gi|76    12167    12949 
   316    716  1      gi|76    37649    37698 
   317    739  1      gi|79     5580     5672 
   317    875  1       gi|5    15665    15804 
   317    844  1      gi|53    14951    15006 
   317    887 -1      gi|43    17822    17929 
   318    751  1       gi|8     8502     9339 
   318    802  1      gi|76    39780    39833 
   319    757  1       gi|8    25124    25653 
   320    785  1      gi|46    34541    34619 
   320    789  1       gi|2     8270     8350 
   321    805  1      gi|75    32609    32682 
   321    824 -1       gi|6     3554     3788 
   321    827  1      gi|33    34058    34327 
   321    891 -1      gi|56    32923    33142 
   322    809  1      gi|67    38596    38658 
   322    885  1      gi|66    12393    12486 
   322    883  1      gi|77     3791     3886 
   322    880 -1      gi|74    25836    25888 
   322    895 -1      gi|48    20591    20625 
   323    820  1       gi|9    24335    24382 
   324    831  1      gi|26    10618    11667 
   324    833  1       gi|9    24843    25891 
   324    834  1      gi|22    20375    21429 
   324    835 -1      gi|52    14099    15144 
   325    846  1       gi|5    20583    20659 
   325    879 -1      gi|53     2679     2764 
   326    850  1      gi|49     4121     4167 
   327    853  1      gi|30     2543     2581 
   327    857  1      gi|18    29893    29941 
   328    855  1      gi|70    39360    39391 
   328    860  1      gi|18    30123    30154 
   329    862  1      gi|70    39212    39282 
   329    864  1      gi|18     7200     7255 
   330    866  1      gi|18     6941     7060 
   330    868  1      gi|40    17687    17811 
   331    874  1      gi|24    19491    19543 
   331    877  1       gi|5    15915    15966 
   332    890  1      gi|43    17652    17743 
