1 gi|1 1791 3218
2 gi|1 3246 3419
3 gi|1 11990 12108
4 gi|1 31930 31996
5 gi|1 36540 37347
6 gi|1 39089 40060
7 gi|11 25 995
8 gi|11 1277 2793
9 gi|11 4634 4910
10 gi|11 9594 10045
11 gi|11 11009 11356
12 gi|11 14991 16184
13 gi|11 17638 17724
14 gi|11 20422 21061
15 gi|11 22970 23197
16 gi|11 24936 27042
17 gi|11 26682 27498
18 gi|11 39092 39728
19 gi|12 620 1286
20 gi|12 1021 1711
21 gi|12 6242 6767
22 gi|12 6838 7206
23 gi|12 11101 11391
24 gi|12 20567 20951
25 gi|12 23559 25057
26 gi|12 25680 25772
27 gi|12 28206 28599
28 gi|12 29364 30219
29 gi|12 31145 31525
30 gi|12 31390 31661
31 gi|12 36106 36158
32 gi|12 36722 36988
33 gi|12 36886 37132
34 gi|13 131 276
35 gi|13 2004 3616
36 gi|13 10047 10463
37 gi|13 14991 15665
38 gi|13 15602 16889
39 gi|13 16670 17219
40 gi|13 17354 18349
41 gi|13 19998 20303
42 gi|13 21578 22225
43 gi|13 24064 24818
44 gi|13 26657 27349
45 gi|13 27565 28740
46 gi|13 29379 30187
47 gi|13 31663 31830
48 gi|13 31761 32015
49 gi|13 34034 34666
50 gi|14 8733 8787
51 gi|14 13735 14859
52 gi|14 16650 19300
53 gi|14 31793 31888
54 gi|14 38608 40067
55 gi|15 1 2225
56 gi|15 10240 10862
57 gi|15 11379 12192
58 gi|15 14553 14788
59 gi|15 21028 21182
60 gi|15 21107 21357
61 gi|15 24812 25229
62 gi|15 30667 31527
63 gi|15 31614 31890
64 gi|15 33282 34274
65 gi|15 39299 40067
66 gi|16 1160 2886
67 gi|16 3507 5153
68 gi|16 13646 14536
69 gi|16 19885 19995
70 gi|16 21465 22107
71 gi|16 24352 24836
72 gi|17 2 1292
73 gi|17 1656 1748
74 gi|17 2276 2525
75 gi|17 5600 7235
76 gi|17 8614 9594
77 gi|17 9794 10948
78 gi|17 17812 18895
79 gi|17 19113 20244
80 gi|17 30758 31626
81 gi|17 37442 37610
82 gi|17 37860 38691
83 gi|18 6941 7133
84 gi|18 7200 7339
85 gi|18 7409 7491
86 gi|18 9839 10799
87 gi|18 13202 13442
88 gi|18 26793 26879
89 gi|18 28357 29782
90 gi|18 29803 29941
91 gi|18 30020 30154
92 gi|18 32145 32617
93 gi|18 35847 36008
94 gi|2 4431 4768
95 gi|2 6002 7596
96 gi|2 8098 8350
97 gi|2 9828 9960
98 gi|2 16239 16376
99 gi|2 20261 20776
100 gi|2 21882 23133
101 gi|2 27743 28460
102 gi|2 32152 33182
103 gi|2 33096 33312
104 gi|2 33481 34396
105 gi|2 37536 38157
106 gi|20 615 1066
107 gi|20 7692 9359
108 gi|20 9415 9489
109 gi|20 10113 10274
110 gi|20 11690 13443
111 gi|20 16643 18421
112 gi|20 27113 27167
113 gi|20 27161 27988
114 gi|20 29775 31515
115 gi|20 33886 34774
116 gi|22 5114 6593
117 gi|22 9083 9489
118 gi|22 10069 10151
119 gi|22 12932 14482
120 gi|22 15269 16540
121 gi|22 20371 21454
122 gi|22 38482 38660
123 gi|23 11001 11082
124 gi|23 16091 17157
125 gi|23 19238 19302
126 gi|23 23808 23956
127 gi|23 25278 25499
128 gi|23 25634 26165
129 gi|23 29528 30592
130 gi|23 32886 33689
131 gi|23 35253 35305
132 gi|23 37328 38855
133 gi|23 39628 40061
134 gi|24 12389 13643
135 gi|24 15822 17080
136 gi|24 19343 19543
137 gi|24 19833 20062
138 gi|24 21149 21650
139 gi|24 24459 26549
140 gi|24 27881 28005
141 gi|24 36069 37508
142 gi|25 2389 2833
143 gi|25 3489 4715
144 gi|25 8391 8745
145 gi|25 8911 9922
146 gi|25 15675 16250
147 gi|25 16761 17941
148 gi|25 23782 24272
149 gi|26 2929 3042
150 gi|26 3046 3114
151 gi|26 3193 4296
152 gi|26 9350 10590
153 gi|26 10609 11700
154 gi|26 12163 12332
155 gi|26 16949 17543
156 gi|26 17917 18019
157 gi|26 18309 19309
158 gi|26 19557 20622
159 gi|26 21223 21801
160 gi|26 32651 32708
161 gi|26 38065 39138
162 gi|27 98 282
163 gi|27 12545 13371
164 gi|27 14612 15089
165 gi|27 15251 15470
166 gi|27 22356 23634
167 gi|27 25067 25170
168 gi|27 31537 31656
169 gi|27 34100 34294
170 gi|27 39618 39962
171 gi|28 1435 1860
172 gi|28 4204 4717
173 gi|28 4753 5356
174 gi|28 6080 7488
175 gi|28 10221 11698
176 gi|28 11771 11899
177 gi|28 11883 13963
178 gi|28 14488 15833
179 gi|28 24660 26158
180 gi|28 26939 27058
181 gi|28 29200 29291
182 gi|28 31373 32076
183 gi|28 32149 32240
184 gi|28 34521 34926
185 gi|28 35118 35966
186 gi|29 9344 9447
187 gi|29 9682 13186
188 gi|29 13298 14171
189 gi|29 18316 20159
190 gi|29 23243 23330
191 gi|29 28337 28918
192 gi|3 5634 5804
193 gi|3 6453 7327
194 gi|30 2450 2581
195 gi|30 8489 8892
196 gi|30 14113 14617
197 gi|30 21995 22070
198 gi|30 22125 22329
199 gi|30 30680 31245
200 gi|30 32401 33193
201 gi|30 35766 36022
202 gi|30 38834 40067
203 gi|31 386 953
204 gi|31 6013 6854
205 gi|31 10033 10111
206 gi|31 13157 13456
207 gi|31 14104 14299
208 gi|31 14354 14533
209 gi|31 26308 26427
210 gi|31 31809 32974
211 gi|32 677 2059
212 gi|32 2456 3714
213 gi|32 4739 5015
214 gi|32 5045 5931
215 gi|32 5942 6577
216 gi|32 6906 7571
217 gi|32 15106 15187
218 gi|32 18100 18464
219 gi|32 18315 18868
220 gi|32 21706 21896
221 gi|32 22054 22605
222 gi|32 26055 26307
223 gi|32 27538 27955
224 gi|32 28077 28178
225 gi|32 30448 31528
226 gi|32 31817 33312
227 gi|32 34541 34731
228 gi|33 3865 3986
229 gi|33 3994 4739
230 gi|33 8439 8687
231 gi|33 11527 11569
232 gi|33 15626 16258
233 gi|33 17455 19060
234 gi|33 19652 21546
235 gi|33 22395 22984
236 gi|33 22919 24001
237 gi|33 25395 25993
238 gi|33 27474 27524
239 gi|33 29227 30392
240 gi|33 32574 32987
241 gi|33 33010 33842
242 gi|33 33780 34327
243 gi|33 39990 40067
244 gi|34 1 718
245 gi|34 1249 1756
246 gi|34 2097 2698
247 gi|34 5364 6096
248 gi|34 9002 9805
249 gi|34 17515 17678
250 gi|34 23647 24585
251 gi|34 24840 25510
252 gi|34 25673 27779
253 gi|34 28351 29710
254 gi|34 38197 38473
255 gi|34 39917 40067
256 gi|35 2731 3887
257 gi|35 4367 6281
258 gi|35 8908 9074
259 gi|35 14515 14801
260 gi|35 15379 15467
261 gi|35 17246 17415
262 gi|35 30644 30806
263 gi|35 33235 33694
264 gi|35 35187 35272
265 gi|35 35400 36583
266 gi|35 36536 36847
267 gi|35 39254 39586
268 gi|36 38 886
269 gi|36 991 1402
270 gi|36 1477 1750
271 gi|36 9943 11594
272 gi|36 11761 14288
273 gi|36 15827 16054
274 gi|36 16539 17541
275 gi|36 18430 18791
276 gi|36 19324 19405
277 gi|36 19616 20962
278 gi|36 20918 21064
279 gi|36 23448 24198
280 gi|36 26345 26692
281 gi|36 29250 32436
282 gi|37 11507 11778
283 gi|37 12508 12553
284 gi|37 17384 17437
285 gi|37 18568 19001
286 gi|37 21283 21520
287 gi|37 21482 23801
288 gi|37 23682 24249
289 gi|37 28822 29960
290 gi|37 32008 32155
291 gi|37 33597 33673
292 gi|37 36441 36753
293 gi|37 38297 38511
294 gi|38 2943 4385
295 gi|38 4528 4701
296 gi|38 4914 6144
297 gi|38 6210 6639
298 gi|38 7280 7937
299 gi|38 12443 12811
300 gi|38 13952 15131
301 gi|38 22599 22775
302 gi|38 29200 29403
303 gi|38 32344 32573
304 gi|38 32549 32656
305 gi|38 33109 33267
306 gi|39 3326 3671
307 gi|39 4356 5328
308 gi|39 9593 10202
309 gi|39 10303 11842
310 gi|39 12972 13186
311 gi|39 13821 14004
312 gi|39 15012 15091
313 gi|39 20911 21195
314 gi|39 21887 22013
315 gi|39 22027 22130
316 gi|39 24091 25148
317 gi|39 29852 30928
318 gi|39 30987 31903
319 gi|39 32816 34020
320 gi|39 35997 36286
321 gi|39 39235 39964
322 gi|4 10533 10598
323 gi|4 10618 10694
324 gi|4 20595 21873
325 gi|4 25102 26094
326 gi|4 26097 26399
327 gi|40 1 943
328 gi|40 8580 10263
329 gi|40 11988 12045
330 gi|40 12439 12528
331 gi|40 15738 15825
332 gi|40 17687 17891
333 gi|40 18339 18799
334 gi|40 20529 21071
335 gi|40 22704 22819
336 gi|40 26684 27488
337 gi|40 27492 28052
338 gi|40 29447 29587
339 gi|40 29966 30794
340 gi|40 30656 31089
341 gi|40 37268 38492
342 gi|40 38396 39732
343 gi|40 39604 40054
344 gi|41 108 1315
345 gi|41 10722 12319
346 gi|41 14574 14674
347 gi|41 14746 14803
348 gi|41 18490 18948
349 gi|41 20596 20654
350 gi|41 24267 24859
351 gi|41 29795 31370
352 gi|42 6215 6658
353 gi|42 6745 7122
354 gi|42 7505 8728
355 gi|42 13243 14761
356 gi|42 14946 16784
357 gi|42 28729 28908
358 gi|43 3777 3894
359 gi|43 5662 6382
360 gi|43 7752 8212
361 gi|43 16320 17552
362 gi|43 17652 17771
363 gi|43 17752 17929
364 gi|43 17960 18038
365 gi|43 19010 20247
366 gi|43 20297 22116
367 gi|43 22325 22899
368 gi|43 25033 25146
369 gi|43 27581 27676
370 gi|43 28485 28536
371 gi|43 32960 33073
372 gi|43 33758 33956
373 gi|43 35154 35372
374 gi|44 677 4056
375 gi|44 10366 10586
376 gi|44 13065 13218
377 gi|44 26704 27548
378 gi|44 29597 30829
379 gi|44 38091 38148
380 gi|45 874 2340
381 gi|45 11317 11625
382 gi|45 13984 14740
383 gi|45 16411 17568
384 gi|45 23972 24392
385 gi|45 24410 24824
386 gi|45 36102 37024
387 gi|45 38229 38615
388 gi|45 38871 39859
389 gi|46 1 212
390 gi|46 2844 2931
391 gi|46 9330 10293
392 gi|46 10405 11480
393 gi|46 12383 12484
394 gi|46 12552 13146
395 gi|46 16027 16516
396 gi|46 19164 19221
397 gi|46 23114 23831
398 gi|46 23761 25008
399 gi|46 26222 26582
400 gi|46 30988 31060
401 gi|46 34365 34619
402 gi|46 38594 38643
403 gi|47 371 1548
404 gi|47 3152 4821
405 gi|47 4884 5570
406 gi|47 19958 20040
407 gi|47 21199 21758
408 gi|47 28208 28765
409 gi|47 33343 34880
410 gi|47 35997 36449
411 gi|47 37376 37933
412 gi|48 3847 5030
413 gi|48 10693 11249
414 gi|48 20512 20807
415 gi|48 27294 27332
416 gi|48 28167 28541
417 gi|49 511 1282
418 gi|49 3274 4219
419 gi|49 4121 4895
420 gi|49 7421 7574
421 gi|49 12366 13345
422 gi|49 13514 13708
423 gi|49 21229 21308
424 gi|49 28902 30020
425 gi|49 34447 35293
426 gi|5 4187 4261
427 gi|5 7847 8932
428 gi|5 10982 11064
429 gi|5 11145 12045
430 gi|5 15564 15654
431 gi|5 15665 15966
432 gi|5 15938 16408
433 gi|5 19326 20514
434 gi|5 20583 20782
435 gi|5 22923 23538
436 gi|5 24230 24333
437 gi|5 30792 31394
438 gi|5 31442 31517
439 gi|5 36635 36723
440 gi|50 9597 10805
441 gi|50 10732 12303
442 gi|50 16671 16767
443 gi|50 22758 23831
444 gi|50 24038 24475
445 gi|50 27405 28226
446 gi|50 32429 32641
447 gi|50 34575 34945
448 gi|50 36197 36368
449 gi|51 9094 9507
450 gi|51 10360 10796
451 gi|51 14353 15733
452 gi|51 17086 17234
453 gi|51 28877 29554
454 gi|51 31055 31295
455 gi|51 36394 37432
456 gi|51 38468 38574
457 gi|52 958 2613
458 gi|52 4025 4432
459 gi|52 14069 15144
460 gi|52 38928 39010
461 gi|53 1700 1763
462 gi|53 2403 2530
463 gi|53 2552 2764
464 gi|53 9655 9792
465 gi|53 10198 11668
466 gi|53 14951 15131
467 gi|53 15866 16314
468 gi|53 23707 23834
469 gi|53 33365 34971
470 gi|53 35271 35339
471 gi|53 39079 40067
472 gi|54 535 1925
473 gi|54 2763 2910
474 gi|54 7838 8939
475 gi|54 14260 14467
476 gi|54 15284 15429
477 gi|54 21332 21446
478 gi|54 24277 25088
479 gi|54 30266 30954
480 gi|55 1074 1131
481 gi|55 3708 3819
482 gi|55 12988 13040
483 gi|55 13166 14781
484 gi|55 19466 19736
485 gi|55 19819 19946
486 gi|55 21925 22044
487 gi|55 22328 22879
488 gi|55 23383 24785
489 gi|55 27810 28678
490 gi|55 31548 32158
491 gi|55 33584 34016
492 gi|55 39084 40061
493 gi|56 3078 3216
494 gi|56 3404 4138
495 gi|56 11034 11102
496 gi|56 22136 22838
497 gi|56 24642 24887
498 gi|56 26286 26881
499 gi|56 28536 29012
500 gi|56 31639 31915
501 gi|56 32923 33258
502 gi|56 36052 36660
503 gi|57 9 701
504 gi|57 14258 15086
505 gi|57 16152 16524
506 gi|57 19243 20023
507 gi|57 37833 38592
508 gi|57 38878 39255
509 gi|57 40728 40988
510 gi|58 12354 12581
511 gi|58 14451 15417
512 gi|58 18696 18922
513 gi|58 22675 22824
514 gi|58 23596 23833
515 gi|58 29041 29539
516 gi|58 29913 30488
517 gi|58 31821 32685
518 gi|59 4847 5726
519 gi|59 17592 19237
520 gi|59 24203 25125
521 gi|59 29696 30711
522 gi|59 31514 31931
523 gi|59 38602 38804
524 gi|59 39639 40063
525 gi|6 4 1727
526 gi|6 1664 1964
527 gi|6 2686 2793
528 gi|6 3554 4067
529 gi|6 11200 11399
530 gi|6 13740 14785
531 gi|6 15707 15826
532 gi|6 16299 19818
533 gi|6 22431 24114
534 gi|6 24829 25067
535 gi|6 26687 27755
536 gi|6 28947 29743
537 gi|6 29732 29860
538 gi|6 33274 33447
539 gi|6 33384 33629
540 gi|6 36804 37457
541 gi|6 37228 37994
542 gi|60 14054 14133
543 gi|60 14258 14726
544 gi|60 34296 35380
545 gi|61 232 398
546 gi|61 1813 1936
547 gi|61 2719 3799
548 gi|61 6396 7272
549 gi|61 13733 14019
550 gi|61 16998 17137
551 gi|61 17289 18127
552 gi|61 23011 23219
553 gi|61 28746 28854
554 gi|61 31919 32501
555 gi|62 7250 7514
556 gi|62 8109 9780
557 gi|62 10005 10822
558 gi|62 13351 14008
559 gi|62 14415 16079
560 gi|62 16091 17723
561 gi|62 17745 17953
562 gi|62 24400 25902
563 gi|62 33599 34228
564 gi|62 35826 35991
565 gi|64 2993 4081
566 gi|64 4078 4252
567 gi|64 13162 13301
568 gi|64 20809 20874
569 gi|64 35268 36187
570 gi|65 3 555
571 gi|65 1175 1518
572 gi|65 2384 2695
573 gi|65 5921 6079
574 gi|65 6956 7794
575 gi|65 12162 12276
576 gi|65 13045 13103
577 gi|65 16582 16709
578 gi|65 18852 18914
579 gi|65 22176 22304
580 gi|65 33001 33142
581 gi|65 33240 34434
582 gi|65 34720 35135
583 gi|66 7738 8615
584 gi|66 9442 10104
585 gi|66 10426 10742
586 gi|66 10716 11042
587 gi|66 12126 12486
588 gi|66 12581 13789
589 gi|66 15652 15981
590 gi|66 17414 18197
591 gi|66 18826 19166
592 gi|66 25234 25510
593 gi|66 27147 27416
594 gi|66 32665 32822
595 gi|66 33593 34317
596 gi|66 34673 34932
597 gi|67 589 1989
598 gi|67 10491 11113
599 gi|67 11567 13378
600 gi|67 18870 19217
601 gi|67 24252 26918
602 gi|67 29314 29591
603 gi|67 30066 31303
604 gi|67 31354 31931
605 gi|67 36590 37621
606 gi|67 38446 38658
607 gi|67 39280 39724
608 gi|68 3687 4158
609 gi|68 4532 5104
610 gi|68 5186 6387
611 gi|68 7452 8223
612 gi|68 18528 18610
613 gi|68 18927 19389
614 gi|68 19204 20072
615 gi|68 27070 28426
616 gi|68 28641 28806
617 gi|68 31009 31901
618 gi|68 38609 39690
619 gi|68 39671 39907
620 gi|69 7221 7410
621 gi|69 8971 9375
622 gi|69 9563 11091
623 gi|69 11814 12142
624 gi|69 14081 15476
625 gi|69 17195 18057
626 gi|69 18221 18908
627 gi|69 21317 21362
628 gi|69 23094 23325
629 gi|69 23217 23479
630 gi|69 28567 30711
631 gi|69 37076 37201
632 gi|69 39650 39808
633 gi|7 2 295
634 gi|7 537 1955
635 gi|7 2109 2185
636 gi|7 2763 3417
637 gi|7 12363 12618
638 gi|7 12963 13486
639 gi|7 13345 14033
640 gi|7 15697 16139
641 gi|7 23298 23601
642 gi|7 30719 31024
643 gi|7 31265 32971
644 gi|7 33921 33983
645 gi|70 1008 1449
646 gi|70 2141 2793
647 gi|70 5440 6247
648 gi|70 9760 10454
649 gi|70 12500 13542
650 gi|70 24520 25439
651 gi|70 32721 32806
652 gi|70 33469 34201
653 gi|70 34301 34503
654 gi|70 34607 35179
655 gi|70 37106 38716
656 gi|70 39212 39391
657 gi|71 4076 5906
658 gi|71 7151 7358
659 gi|71 9311 10431
660 gi|71 14040 14744
661 gi|71 17654 19397
662 gi|71 22722 22829
663 gi|71 28622 28823
664 gi|71 30124 30972
665 gi|71 32011 32648
666 gi|71 38615 39532
667 gi|71 39599 39695
668 gi|72 35735 36314
669 gi|72 37939 38592
670 gi|72 40410 41108
671 gi|73 1650 4296
672 gi|73 6136 6224
673 gi|73 9597 9688
674 gi|73 11599 12096
675 gi|73 12556 13126
676 gi|73 18178 18287
677 gi|73 20360 20534
678 gi|73 20522 20739
679 gi|73 20706 21810
680 gi|73 21804 22825
681 gi|73 22748 24056
682 gi|73 24146 25471
683 gi|73 40273 41859
684 gi|73 41783 43451
685 gi|74 3097 3387
686 gi|74 3472 4319
687 gi|74 19495 19713
688 gi|74 19708 20729
689 gi|74 22359 23388
690 gi|74 23390 23594
691 gi|74 25836 26011
692 gi|74 26047 26230
693 gi|74 27966 28032
694 gi|74 29651 29696
695 gi|74 34556 34810
696 gi|74 36588 36733
697 gi|74 36759 37711
698 gi|74 38738 38845
699 gi|75 3241 3721
700 gi|75 4813 4967
701 gi|75 5248 5441
702 gi|75 6416 6566
703 gi|75 13100 13756
704 gi|75 20529 20651
705 gi|75 28080 29026
706 gi|75 31542 32034
707 gi|75 32398 32682
708 gi|75 33756 35168
709 gi|75 38772 39921
710 gi|76 532 1502
711 gi|76 12167 12949
712 gi|76 27441 28403
713 gi|76 28873 30037
714 gi|76 29988 30570
715 gi|76 35972 36032
716 gi|76 37649 37698
717 gi|76 39615 39833
718 gi|77 2372 2636
719 gi|77 3635 3886
720 gi|77 18697 19558
721 gi|77 28801 28871
722 gi|77 31406 31919
723 gi|77 34333 34402
724 gi|77 34947 35199
725 gi|77 37975 38108
726 gi|77 39926 40067
727 gi|78 166 674
728 gi|78 5019 5120
729 gi|78 13603 13687
730 gi|78 24469 25191
731 gi|78 27727 28431
732 gi|78 28673 29872
733 gi|78 29996 30912
734 gi|78 31606 31955
735 gi|78 34209 35295
736 gi|78 39735 39863
737 gi|79 1 1037
738 gi|79 1043 1090
739 gi|79 5580 5673
740 gi|79 13429 13548
741 gi|79 14346 14693
742 gi|79 15061 15491
743 gi|79 17836 17903
744 gi|79 19463 19518
745 gi|79 25825 26224
746 gi|79 27634 27841
747 gi|79 33772 34636
748 gi|8 35 625
749 gi|8 768 946
750 gi|8 1318 1366
751 gi|8 8502 9339
752 gi|8 9558 11448
753 gi|8 16489 16699
754 gi|8 17053 17555
755 gi|8 19466 20071
756 gi|8 21040 21426
757 gi|8 25124 25653
758 gi|8 27500 27937
759 gi|8 32589 33697
760 gi|8 33766 33979
761 gi|8 34061 34709
762 gi|8 36540 37751
763 gi|8 38130 38282
764 gi|9 1754 2198
765 gi|9 2155 2804
766 gi|9 3079 3507
767 gi|9 3560 4821
768 gi|9 4987 5016
769 gi|9 6992 7913
770 gi|9 10645 11994
771 gi|9 12176 12652
772 gi|9 12699 13073
773 gi|9 16803 16924
774 gi|9 19241 20611
775 gi|9 24150 24499
776 gi|9 24335 24856
777 gi|9 24835 25918
778 gi|9 25890 26948
779 gi|9 27526 27745
780 gi|9 29503 30476
781 gi|9 34437 34744
782 gi|9 34918 35191
783 gi|9 35583 35656
