#  fam    ele   dir  sequence    start     end
     1      1  1       gi|1      517     1619 
     1    600  1       gi|5     9444    10548 
     2      2  1       gi|1     4994     5089 
     2   1244  1      gi|93    10223    10315 
     3      3  1       gi|1     6375     6727 
     3    888 -1      gi|69     9594    10278 
     3    372 -1      gi|34    14572    15339 
     3   1286 -1       gi|7    18452    19202 
     3    315  1       gi|3    14830    15582 
     3    390 -1      gi|35    15052    15770 
     3   1187 -1      gi|89    36831    36936 
     3    587  1      gi|49    14978    15568 
     3   1326 -1      gi|69    16254    16978 
     3   1018  1      gi|77    25084    25368 
     4      4  1       gi|1    11781    11888 
     4   1212  1      gi|91    30026    30853 
     4    436 -1      gi|38    37990    38169 
     4   1279  1      gi|11     1826     2681 
     4   1281  1      gi|20    30642    31499 
     4   1354 -1      gi|91    26575    27354 
     4    883  1      gi|68    32800    32941 
     5      5  1       gi|1    11909    13046 
     5   1050 -1       gi|8     7527     8655 
     6      6  1       gi|1    13112    13935 
     6   1055  1       gi|8    14611    15444 
     6    680 -1      gi|55    37719    37844 
     7      7  1       gi|1    14094    15799 
     7    505 -1      gi|43    15120    16827 
     8      8  1       gi|1    21579    22166 
     8   1176 -1      gi|89     9340     9973 
     9      9  1       gi|1    25077    25956 
     9    543 -1      gi|45    15964    16740 
    10     10  1       gi|1    27882    29343 
    10    154 -1       gi|2    22651    23499 
    10    195  1      gi|22    15742    17200 
    10    121 -1      gi|18       19      350 
    11     11  1       gi|1    29950    31328 
    11    804  1      gi|62    29365    30755 
    12     12  1       gi|1    31453    32772 
    12   1284  1      gi|95     7424     8731 
    12    645  1      gi|53    37387    38745 
    12   1199 -1      gi|90     8551     9901 
    12   1222 -1      gi|92     8701     9954 
    13     13  1       gi|1    32830    33719 
    13   1288  1      gi|32     4273     5038 
    13   1289 -1      gi|43    34165    34970 
    13    516 -1      gi|43    34919    35861 
    13   1285  1       gi|8    16987    17892 
    13   1290  1      gi|46     8847     9640 
    13   1291  1      gi|91    15037    15879 
    13    106  1      gi|16    34236    34484 
    13    326 -1       gi|3    30873    31014 
    13    993  1      gi|75    29444    29541 
    13    693  1      gi|56    35547    35968 
    14     14  1       gi|1    34301    34589 
    14    415  1      gi|38      202     1184 
    14   1184 -1      gi|89    31207    32240 
    15     15  1       gi|1    38734    39881 
    15    704 -1      gi|57    17829    17930 
    15   1066 -1       gi|8    38333    39479 
    16     16  1      gi|10      270     1196 
    16    442  1      gi|39     6148     7040 
    16   1180 -1      gi|89    18683    19405 
    17     17  1      gi|10     5861     6003 
    17    638  1      gi|53     9977    10127 
    18     18  1      gi|10     6765     7047 
    18   1166 -1      gi|88    19550    19841 
    19     19  1      gi|10     7229     8503 
    19   1024 -1      gi|78     2251     3639 
    19    519 -1      gi|43    39061    39958 
    19    542 -1      gi|45    14783    14982 
    19   1234  1      gi|92    27549    28207 
    19   1235  1      gi|92    28566    28778 
    19   1230  1      gi|92    23534    23893 
    20     20  1      gi|10    13263    14749 
    20    253  1      gi|26     4633     6115 
    20    331  1      gi|30     7971     9147 
    21     21  1      gi|10    14622    15536 
    21    332  1      gi|30     9611    10792 
    21     26  1      gi|10    22073    23128 
    21     28  1      gi|10    25103    26194 
    21     35  1      gi|10    37780    38950 
    21   1298  1      gi|10    19452    19509 
    21    339  1      gi|30    28629    29633 
    21    254  1      gi|26     6654     6892 
    21    333  1      gi|30    12898    13024 
    21   1122 -1      gi|84    31686    32256 
    21   1292  1      gi|26    15686    16090 
    21    340  1      gi|30    31809    32809 
    21   1296  1      gi|26     9477     9514 
    21     24  1      gi|10    19625    19716 
    22     22  1      gi|10    15936    19081 
    22    335  1      gi|30    17525    20681 
    22     27  1      gi|10    23517    23857 
    23     25  1      gi|10    20486    22062 
    23    260  1      gi|26    13627    14968 
    23    262  1      gi|26    16614    18114 
    24     29  1      gi|10    26731    27033 
    24    338  1      gi|30    25407    28735 
    24    761 -1      gi|60    16184    19482 
    25     30  1      gi|10    28450    29285 
    25    337  1      gi|30    23965    24989 
    25    257  1      gi|26     9711    10061 
    26     31  1      gi|10    30323    31351 
    26    255  1      gi|26     7820     8836 
    26    259  1      gi|26    10987    11227 
    27     32  1      gi|10    33051    34495 
    27   1293 -1      gi|84    29562    31016 
    27     34  1      gi|10    36231    37705 
    27   1337  1      gi|26    10515    10924 
    27    759 -1      gi|60    13669    13871 
    28     33  1      gi|10    34101    35173 
    28   1295  1      gi|26     8406     9473 
    28   1245  1      gi|93    14136    14303 
    28   1297  1      gi|10    19347    19452 
    29     36  1      gi|10    39344    40000 
    30     37  1      gi|11      247      569 
    30    458 -1      gi|40    15823    16142 
    31     39  1      gi|11     3218     3428 
    31    102  1      gi|16    24322    24704 
    31    692  1      gi|56    35148    35241 
    31   1056 -1       gi|8    16101    16911 
    31   1157  1      gi|87    38614    38945 
    31   1232 -1      gi|92    25559    25670 
    32     40  1      gi|11     3544     4863 
    32    853  1      gi|66    26946    28248 
    32    689 -1      gi|56    28005    28706 
    32   1299  1      gi|74    10395    11603 
    32     43 -1      gi|11    10854    11580 
    32    782 -1      gi|61    25385    26125 
    32    959  1      gi|73    21404    22055 
    32    250  1      gi|25    33565    33695 
    32    304 -1      gi|29    24179    24491 
    33     41  1      gi|11     7351     9068 
    33    630  1      gi|52     3282     4529 
    34     42  1      gi|11     9149    10641 
    34    198  1      gi|22    20170    21674 
    34   1008  1      gi|76    38073    38172 
    35     44  1      gi|11    11267    11951 
    35    128  1      gi|18    22666    23350 
    36     45  1      gi|11    12512    13124 
    36    127  1      gi|18    21447    22056 
    36   1242  1      gi|93     6741     6944 
    36    655  1      gi|54     9741    10184 
    37     46  1      gi|11    16490    16815 
    38     47  1      gi|11    19761    19874 
    38    570 -1      gi|48     3070     3173 
    39     48  1      gi|11    19954    20355 
    39    685  1      gi|56    15960    16373 
    40     49  1      gi|11    20635    21676 
    40    492 -1      gi|42    24106    25149 
    41     50  1      gi|11    21916    22372 
    41    108  1      gi|17     3685     4138 
    42     51  1      gi|11    24890    25514 
    42    113  1      gi|17    15717    16341 
    43     52  1      gi|11    25648    25799 
    43     67  1      gi|13    11121    11244 
    44     53  1      gi|11    28096    28170 
    44   1247  1      gi|93    17250    17326 
    45     54  1      gi|11    34928    35380 
    46     55  1      gi|12     2064     3349 
    46    509  1      gi|43    26423    26503 
    46    851 -1      gi|66    24045    24567 
    46   1301  1      gi|66    13894    15142 
    46    910 -1       gi|7    27382    28611 
    46   1271 -1      gi|95    27831    27985 
    46    536 -1      gi|45     1958     2638 
    46   1060 -1       gi|8    25803    26157 
    47     56  1      gi|12     3908     4630 
    47    597 -1      gi|49    29998    30313 
    47   1062 -1       gi|8    32334    33113 
    47     87  1      gi|15     8675     8768 
    47   1208 -1      gi|91    23854    24054 
    47    832  1      gi|64    39588    39631 
    48     57  1      gi|12     7184     7238 
    48    903 -1       gi|7    13119    13235 
    48    411 -1      gi|37    29701    29882 
    48     72  1      gi|13    36573    36645 
    48    395 -1      gi|36      345      494 
    49     58  1      gi|12     7774    10115 
    49    455  1      gi|40     3653     6004 
    49    622 -1      gi|51    13569    13639 
    50     59  1      gi|12    14554    14711 
    50   1099  1      gi|83     2518     2674 
    51     60  1      gi|12    23435    23506 
    51    625  1      gi|51    22942    23020 
    52     61  1      gi|12    27625    27732 
    52   1098  1      gi|82    28962    30027 
    53     62  1      gi|12    28641    29014 
    53    668 -1      gi|55    10277    10651 
    54     63  1      gi|12    37666    37803 
    54    928 -1      gi|71    12906    13043 
    55     64  1      gi|12    38390    38918 
    55    927 -1      gi|71    11767    12287 
    56     65  1      gi|13     4166     4433 
    56    577 -1      gi|48    25149    25420 
    57     66  1      gi|13     7164     7254 
    57    976  1      gi|74    19076    20264 
    57   1094 -1      gi|82    18216    19368 
    58     68  1      gi|13    13475    13664 
    58   1020 -1      gi|77    29230    29402 
    59     69  1      gi|13    21065    21144 
    59    354 -1      gi|31    27600    27680 
    60     70  1      gi|13    32018    32302 
    60    646  1      gi|53    39414    39668 
    61     71  1      gi|13    33208    33365 
    61    611 -1      gi|50      999     1167 
    62     73  1      gi|14      286      391 
    62    748 -1       gi|6    17329    17433 
    63     74  1      gi|14     2612     3870 
    63    142  1      gi|19    28948    30196 
    63    644 -1      gi|53    28400    29573 
    63    973  1      gi|74    16153    16225 
    64     75  1      gi|14     4334     4439 
    64    358  1      gi|32     2576     2722 
    64    181  1      gi|20    33738    33884 
    65     76  1      gi|14     7470     7865 
    66     77  1      gi|14    18268    19241 
    66   1069  1      gi|80     4544     5494 
    67     78  1      gi|14    24366    24637 
    67    544 -1      gi|45    17223    17481 
    68     79  1      gi|14    25823    26738 
    68   1104 -1      gi|83    25665    26550 
    69     80  1      gi|14    26938    27017 
    69   1355  1      gi|44    36294    36369 
    69   1321 -1      gi|74    12794    12872 
    69   1343 -1      gi|82    10321    10399 
    69   1345 -1      gi|82    12033    12107 
    69    843 -1      gi|66     3525     3602 
    69   1335 -1      gi|25      323      402 
    69   1341 -1      gi|39     4898     4976 
    69   1352 -1      gi|84    25813    25885 
    69   1357 -1      gi|27    26997    27082 
    70     81  1      gi|14    27006    27315 
    70    534 -1      gi|44    37617    37908 
    71     82  1      gi|14    28999    29112 
    71    278  1      gi|27    38023    38135 
    72     83  1      gi|14    37907    38894 
    72    476  1      gi|41    23394    24323 
    72    881  1      gi|68    28737    29668 
    72    155  1       gi|2    25523    26429 
    73     84  1      gi|14    38975    39837 
    73    444 -1      gi|39     9849    10720 
    73    345  1      gi|31     1110     1956 
    74     85  1      gi|15        1     2227 
    74    446  1      gi|39    30844    33005 
    75     86  1      gi|15     2714     2821 
    75    441  1      gi|39     5055     5169 
    76     88  1      gi|15    26050    27057 
    76   1300 -1      gi|34    24841    25926 
    76   1302  1      gi|40    21499    22007 
    76   1304 -1       gi|7    16048    17131 
    76    171 -1      gi|20    17614    17702 
    77     89  1      gi|15    31559    32143 
    77    820 -1      gi|64     5330     5931 
    78     90  1      gi|15    32387    32547 
    78    696 -1      gi|57     5328     5474 
    79     91  1      gi|15    38194    38462 
    79    841  1      gi|66      877     1170 
    79   1198 -1      gi|90     8130     8290 
    80     92  1      gi|16     2170     2363 
    80    977 -1      gi|74    24710    24902 
    81     93  1      gi|16     3821     4100 
    81    887 -1      gi|69     8252     8533 
    82     94  1      gi|16     4908     5078 
    82    427  1      gi|38    21508    22852 
    82    957 -1      gi|73    15418    16760 
    83     95  1      gi|16     7989     9542 
    83    662  1      gi|54    32068    33480 
    83   1216  1      gi|92       26     1046 
    83   1253 -1      gi|93    37668    38930 
    83    749  1       gi|6    18346    19743 
    83    947  1      gi|72    19444    20677 
    84     96  1      gi|16    11203    12242 
    84    579 -1      gi|48    34176    35190 
    85     97  1      gi|16    13096    13420 
    85    995 -1      gi|75    35567    35850 
    86     98  1      gi|16    15338    15393 
    86    971 -1      gi|74    12317    12368 
    87     99  1      gi|16    15805    16198 
    87    987  1      gi|75    14564    14954 
    88    100  1      gi|16    16500    18615 
    88    251  1      gi|25    34532    36635 
    89    101  1      gi|16    23611    23737 
    89    874 -1      gi|68    18429    18565 
    90    103  1      gi|16    27355    27812 
    90    688  1      gi|56    24360    24807 
    91    104  1      gi|16    28569    29464 
    91   1146  1      gi|86    31812    33074 
    92    105  1      gi|16    29465    30315 
    92    994  1      gi|75    32397    32939 
    92   1145 -1      gi|86    31260    31766 
    93    107  1      gi|17      936     1349 
    93    522 -1      gi|44     3526     4777 
    93    125 -1      gi|18    12050    12375 
    93   1090 -1      gi|82    10621    11840 
    93    609 -1       gi|5    34482    35040 
    93    821  1      gi|64     7115     7200 
    93    531  1      gi|44    21202    21311 
    94    109  1      gi|17     5526     6068 
    94   1181  1      gi|89    23098    24100 
    94    112  1      gi|17    12959    13593 
    94    129 -1      gi|18    25308    26320 
    94   1218  1      gi|92     2581     2994 
    95    110  1      gi|17     9382    10671 
    95    735 -1      gi|59    17524    18731 
    95    116  1      gi|17    20855    22155 
    96    111  1      gi|17    10940    12379 
    96   1207  1      gi|91    20372    21806 
    97    114  1      gi|17    17878    18250 
    97    465  1      gi|40    24244    25534 
    97    946  1      gi|72    17986    18824 
    98    115  1      gi|17    19315    20556 
    98    732 -1      gi|59     7052     8293 
    98    362 -1      gi|32    10340    10603 
    99    117  1      gi|17    23461    23664 
    99   1032 -1      gi|79     5581     5781 
   100    118  1      gi|17    33382    34053 
   100    833 -1      gi|64    39908    39998 
   101    119  1      gi|17    37484    37636 
   101    933 -1      gi|71    22122    22255 
   102    120  1      gi|17    39655    39705 
   102    802  1      gi|62    21048    21157 
   103    122  1      gi|18     1998     3153 
   103    219 -1      gi|23    33360    34521 
   103   1156 -1      gi|87    36455    36529 
   104    123  1      gi|18     4911     5602 
   104    482  1      gi|41    37396    38929 
   104    230 -1      gi|24    27905    29466 
   104    743 -1      gi|59    38320    38509 
   104    514 -1      gi|43    31959    32155 
   105    124  1      gi|18     6721     6913 
   105   1149  1      gi|87     7513     7765 
   105    632  1      gi|52    11304    11418 
   106    126  1      gi|18    19377    19486 
   107    130  1      gi|18    27605    28120 
   107    248  1      gi|25    29905    30401 
   107    249  1      gi|25    30560    31115 
   107    131  1      gi|18    28200    28738 
   108    132  1      gi|18    30673    31554 
   108    429  1      gi|38    27392    28271 
   109    133  1      gi|18    35568    37728 
   109   1154  1      gi|87    22789    24907 
   109    498  1      gi|43     4824     5272 
   110    134  1      gi|19     3200     3302 
   110    320 -1       gi|3    20312    20423 
   111    135  1      gi|19     9740     9915 
   111    642 -1      gi|53    21142    21306 
   112    136  1      gi|19    10470    10873 
   112    491  1      gi|42    17581    17981 
   112    523  1      gi|44     8449     8659 
   113    137  1      gi|19    11617    12125 
   114    138  1      gi|19    15082    15955 
   114    805 -1      gi|62    30884    31766 
   115    139  1      gi|19    17728    18102 
   115   1117 -1      gi|84    20425    21282 
   116    140  1      gi|19    22820    22953 
   116    878  1      gi|68    25843    25987 
   117    141  1      gi|19    23659    25130 
   117   1272  1      gi|95    28330    29806 
   117    151 -1       gi|2     5371     5529 
   118    143  1      gi|19    33790    33889 
   118    493 -1      gi|42    28031    28130 
   119    144  1      gi|19    34437    34809 
   119    568  1      gi|47    38420    38807 
   120    145  1      gi|19    34944    35664 
   120    285  1      gi|28    15956    16499 
   120   1074  1      gi|80    24918    25642 
   121    146  1      gi|19    36335    36605 
   121    506  1      gi|43    18627    20595 
   121   1203 -1      gi|91     3769     6188 
   121    399 -1      gi|36    17026    17132 
   121    803  1      gi|62    26303    26500 
   122    147  1      gi|19    38683    39832 
   122    383  1      gi|35     2806     3934 
   123    148  1       gi|2        1       44 
   123    666 -1      gi|55     2006     2289 
   123    521 -1      gi|44     2565     3029 
   123    213  1      gi|23    21324    21454 
   123    745 -1       gi|6     2453     2564 
   124    149  1       gi|2     2411     3211 
   124    485  1      gi|42     7056     7829 
   125    150  1       gi|2     4799     4978 
   125    901 -1       gi|7     5219     5386 
   126    152  1       gi|2    17216    17803 
   126    269 -1      gi|27    11351    11947 
   127    153  1       gi|2    18564    18654 
   127    817  1      gi|63    33928    34021 
   128    156  1       gi|2    26629    26942 
   128    380 -1      gi|34    30753    31067 
   129    157  1       gi|2    28022    28339 
   129    757  1      gi|60    10089    10424 
   130    158  1       gi|2    33354    33481 
   130    280 -1      gi|28     1464     1607 
   131    159  1      gi|20     3672     4273 
   131    776  1      gi|61    14122    14692 
   132    160  1      gi|20     4908     5250 
   132   1030 -1      gi|78    27539    27959 
   132    615 -1      gi|50    26042    26335 
   133    161  1      gi|20     8985     9992 
   133    747  1       gi|6     9713     9893 
   133    823  1      gi|64    16459    17390 
   133    746  1       gi|6     8932     9401 
   133    610 -1       gi|5    39381    39501 
   134    162  1      gi|20    10326    10608 
   134    716 -1      gi|58      379      671 
   134    324 -1       gi|3    28781    28839 
   135    163  1      gi|20    12188    12649 
   136    164  1      gi|20    12520    13705 
   136    847  1      gi|66     8929     9370 
   136    848  1      gi|66     9713    10145 
   136   1054 -1       gi|8    13984    14286 
   136   1323 -1      gi|57    21604    22781 
   136   1324 -1      gi|73    29693    30881 
   136   1325 -1       gi|8    10007    11186 
   136   1327 -1      gi|29     5427     6670 
   136   1330  1       gi|7    36566    37868 
   137    165  1      gi|20    13831    14322 
   137    870  1      gi|68     5109     5597 
   138    166  1      gi|20    14208    14513 
   139    167  1      gi|20    14631    15179 
   139    316  1       gi|3    15782    16538 
   139    873 -1      gi|68    17424    17616 
   139    424  1      gi|38    12343    12974 
   139    709  1      gi|57    24709    25469 
   139    756 -1      gi|60     8072     8305 
   139    846  1      gi|66     8713     8916 
   140    168  1      gi|20    15266    16289 
   141    169  1      gi|20    16687    17167 
   141    356  1      gi|31    38973    40000 
   141    727 -1      gi|58    33497    34524 
   141    786 -1      gi|61    29118    29257 
   142    170  1      gi|20    17059    17620 
   142    785 -1      gi|61    28622    29185 
   143    172  1      gi|20    19174    19932 
   144    173  1      gi|20    20699    20813 
   144    793  1      gi|61    36770    38917 
   144    174  1      gi|20    21026    22103 
   145    175  1      gi|20    22258    23221 
   146    176  1      gi|20    24110    24350 
   146    829 -1      gi|64    25792    26020 
   146    282 -1      gi|28     6132     6311 
   147    177  1      gi|20    26994    27736 
   147    434 -1      gi|38    36230    36953 
   147    435 -1      gi|38    37121    37740 
   148    178  1      gi|20    28863    29279 
   148    923  1      gi|71     1571     1987 
   149    180  1      gi|20    32119    32312 
   149   1096  1      gi|82    22404    22920 
   149    690  1      gi|56    33266    34121 
   149   1151 -1      gi|87    14743    15056 
   149   1213  1      gi|91    30949    32065 
   149    313  1       gi|3    12153    13286 
   150    182  1      gi|21        1      472 
   150    349 -1      gi|31    14379    16038 
   150    479  1      gi|41    29236    30753 
   150   1130  1      gi|85    38784    39999 
   150    698 -1      gi|57     6450     7686 
   150    595  1      gi|49    28208    28372 
   150    697 -1      gi|57     5792     6713 
   151    183  1      gi|21     2281     2684 
   151    488 -1      gi|42    12277    12678 
   152    184  1      gi|21     5298     7513 
   152    243 -1      gi|25    19935    22242 
   153    185  1      gi|21     8032     9033 
   153    738 -1      gi|59    25028    26053 
   154    186  1      gi|21    23624    24276 
   154    457  1      gi|40    12992    13656 
   155    187  1      gi|21    32478    32556 
   155    267  1      gi|27     1139     1271 
   155    189  1      gi|21    32669    32804 
   156    188  1      gi|21    32547    32714 
   157    190  1      gi|21    34727    35282 
   158    191  1      gi|21    35523    35683 
   158    943  1      gi|72    10292    10441 
   159    192  1      gi|21    38038    38416 
   160    193  1      gi|21    38527    38690 
   161    194  1      gi|22    15140    15573 
   162    196  1      gi|22    17406    17598 
   162   1177  1      gi|89    11070    11255 
   163    197  1      gi|22    18510    18623 
   163   1261 -1      gi|94    15670    15783 
   164    199  1      gi|22    21758    23432 
   165    200  1      gi|22    24768    25480 
   166    201  1      gi|22    28262    29148 
   166    511 -1      gi|43    28080    28968 
   167    202  1      gi|22    29370    30142 
   167    510 -1      gi|43    27083    27909 
   167    694  1      gi|56    35951    36096 
   168    204  1      gi|22    31811    33033 
   168    879 -1      gi|68    26072    27325 
   168    207  1      gi|23       26      434 
   169    205  1      gi|22    33329    34686 
   170    206  1      gi|22    39157    40000 
   170    884 -1      gi|68    33977    34811 
   171    208  1      gi|23     3626     3758 
   171   1106  1      gi|83    32750    32883 
   172    209  1      gi|23     6805     7208 
   172   1174  1      gi|89     6590     6975 
   173    210  1      gi|23     7989     8141 
   173    466  1      gi|40    30181    30334 
   174    211  1      gi|23    14736    14783 
   174    671  1      gi|55    16068    16115 
   175    212  1      gi|23    19425    21340 
   175    556 -1      gi|46    29916    30227 
   175    377 -1      gi|34    26712    28630 
   175    740  1      gi|59    28853    29039 
   176    214  1      gi|23    23311    23405 
   176    481  1      gi|41    34559    34652 
   176    483  1      gi|41    39343    39440 
   177    215  1      gi|23    27632    27818 
   177   1051  1       gi|8     9335     9521 
   178    216  1      gi|23    29971    32207 
   178   1168  1      gi|88    27132    29377 
   179    217  1      gi|23    32388    32535 
   179    968 -1      gi|73    38657    38782 
   180    218  1      gi|23    32694    33216 
   180    660  1      gi|54    28107    28605 
   180   1042  1      gi|79    28495    28821 
   180   1043  1      gi|79    28721    28954 
   181    220  1      gi|23    36091    36774 
   181   1014 -1      gi|77     7990     8686 
   181    554  1      gi|46    21154    21337 
   182    221  1      gi|23    38588    39279 
   182    527 -1      gi|44    15750    17082 
   183    222  1      gi|24     4505     5329 
   183    598 -1      gi|49    35850    36668 
   184    223  1      gi|24    13027    13109 
   184    753 -1       gi|6    35351    35433 
   185    224  1      gi|24    15453    15589 
   185   1282  1      gi|68      302      841 
   185    982 -1      gi|75     6757     7071 
   185    983 -1      gi|75     7553     8116 
   186    225  1      gi|24    15728    15890 
   186    237 -1      gi|25     7152     7219 
   187    226  1      gi|24    16166    16599 
   187    596  1      gi|49    29809    30058 
   188    227  1      gi|24    16665    16948 
   188    871 -1      gi|68     9266    10639 
   188    850 -1      gi|66    18018    19464 
   188   1004 -1      gi|76    21639    21753 
   188   1283  1      gi|68      844     1596 
   189    228  1      gi|24    23656    23756 
   189    235 -1      gi|25     3920     5601 
   189    718  1      gi|58     5187     6773 
   189    719  1      gi|58     7184     8050 
   189    806  1      gi|63      188      770 
   190    229  1      gi|24    25848    26482 
   190    601 -1       gi|5    11969    12608 
   191    231  1      gi|24    30686    30810 
   191    416  1      gi|38     1953     2077 
   192    232  1      gi|24    35078    35259 
   192    796  1      gi|62     9138     9320 
   193    233  1      gi|24    36792    37441 
   193   1129 -1      gi|85    34178    34827 
   194    236  1      gi|25     5696     6885 
   194    322  1       gi|3    23483    25592 
   194    452 -1       gi|4    31251    31384 
   194   1228  1      gi|92    20246    22369 
   195    238  1      gi|25     7518     7789 
   195   1072  1      gi|80    19175    19440 
   195    453 -1       gi|4    32531    32636 
   196    239  1      gi|25     8024     8236 
   197    240  1      gi|25     8377     8616 
   197    730 -1      gi|58    39003    39705 
   197    811  1      gi|63    12072    12898 
   197   1005  1      gi|76    23011    23633 
   197    431  1      gi|38    32747    33175 
   198    241  1      gi|25    10739    14254 
   198   1183  1      gi|89    26905    30371 
   199    242  1      gi|25    18260    18617 
   199    300  1      gi|29    14776    15145 
   200    244  1      gi|25    22475    23566 
   200    558  1      gi|46    36593    37680 
   201    245  1      gi|25    27601    27672 
   201    754 -1      gi|60     1472     1543 
   201    938 -1      gi|71    30831    30904 
   202    246  1      gi|25    28070    28147 
   202   1127  1      gi|85    31140    31187 
   202   1362  1      gi|85    20473    20597 
   202   1360  1      gi|43     8402     8529 
   203    247  1      gi|25    28436    28740 
   203    520  1      gi|44     2109     2387 
   204    252  1      gi|26     1459     2439 
   204   1031  1      gi|78    38651    39626 
   204   1339  1      gi|39     2681     3736 
   204    877  1      gi|68    24683    25702 
   205    263  1      gi|26    18930    19187 
   205    334  1      gi|30    16189    17120 
   206    264  1      gi|26    20093    20594 
   206    341  1      gi|30    33707    34190 
   207    265  1      gi|26    27118    28358 
   207    272 -1      gi|27    22334    23517 
   208    266  1      gi|26    30966    31045 
   208   1124  1      gi|85    13562    13650 
   209    268  1      gi|27     9347    10262 
   209    284  1      gi|28    10204    11136 
   210    270  1      gi|27    14520    15959 
   210    725 -1      gi|58    30266    31618 
   210    731 -1      gi|59     1683     3069 
   210   1179  1      gi|89    17260    18609 
   211    271  1      gi|27    18066    19181 
   211    327 -1       gi|3    34101    35198 
   212    273  1      gi|27    23783    25282 
   212   1138 -1      gi|86    16014    17549 
   213    274  1      gi|27    26694    26815 
   213    599  1       gi|5     7439     7561 
   214    276  1      gi|27    31090    31295 
   214    460  1      gi|40    17188    17442 
   215    277  1      gi|27    34378    36371 
   215   1022  1      gi|78      114      943 
   215   1023  1      gi|78     1484     2078 
   215   1044  1      gi|79    30317    32299 
   216    279  1      gi|27    39874    39955 
   216    443 -1      gi|39     8538     8633 
   217    281  1      gi|28     5310     5458 
   217    301  1      gi|29    17043    17185 
   218    283  1      gi|28     9189     9641 
   218   1256 -1      gi|94     5343     5797 
   219    286  1      gi|28    17602    17816 
   219    524  1      gi|44    11936    12150 
   220    287  1      gi|28    17921    17985 
   220    702 -1      gi|57    12560    12628 
   220    357 -1      gi|32     2090     2158 
   220   1093 -1      gi|82    15234    15306 
   221    288  1      gi|28    24436    24830 
   222    289  1      gi|28    27761    28446 
   222   1163 -1      gi|88     6283     6978 
   223    290  1      gi|28    28425    29225 
   223    866 -1      gi|67    14453    15259 
   224    291  1      gi|28    29300    29497 
   224    862 -1      gi|67     8311     8609 
   224    584 -1      gi|49     7269     7726 
   224    865 -1      gi|67    11942    12363 
   225    292  1      gi|28    29540    30148 
   225    864 -1      gi|67    10554    11580 
   225   1159 -1      gi|88     4292     4622 
   225    586 -1      gi|49     9233    10100 
   225   1160 -1      gi|88     4891     5201 
   225    863 -1      gi|67    10414    10602 
   226    293  1      gi|28    30324    32004 
   226    518  1      gi|43    37122    38793 
   226   1153  1      gi|87    21220    21280 
   227    294  1      gi|28    36463    36551 
   227   1088  1      gi|82     6167     6237 
   228    295  1      gi|28    38749    39072 
   228    857  1      gi|66    30139    30465 
   229    296  1      gi|28    39600    39984 
   229    673 -1      gi|55    19090    19351 
   230    298  1      gi|29     9193     9325 
   230   1303  1      gi|40    22009    22589 
   231    299  1      gi|29    10131    11468 
   231    330 -1       gi|3    38711    39999 
   232    302  1      gi|29    20218    20892 
   232    620 -1      gi|51     7934     8653 
   232    699 -1      gi|57     7898     8017 
   233    303  1      gi|29    22519    22686 
   233   1248  1      gi|93    28469    28632 
   234    305  1      gi|29    31437    31590 
   234    936  1      gi|71    24544    24993 
   234    722  1      gi|58    19370    19768 
   235    306  1      gi|29    36990    37652 
   235    548  1      gi|45    33431    34069 
   235    788 -1      gi|61    31169    31678 
   236    307  1      gi|29    39653    39995 
   236    634 -1      gi|52    13396    13741 
   237    308  1       gi|3       16      683 
   237   1026 -1      gi|78     5134     5970 
   237   1307 -1      gi|59    16171    17160 
   237    535  1      gi|45        6      648 
   237   1310  1      gi|71    23751    24757 
   238    309  1       gi|3     2590     2720 
   238   1147  1      gi|87     2517     2645 
   239    310  1       gi|3     4100     5201 
   239    909  1       gi|7    22068    23192 
   239    774  1      gi|61    11564    12575 
   240    311  1       gi|3     6060     6520 
   240    454  1      gi|40     3247     3688 
   240    787 -1      gi|61    30532    30986 
   240   1067  1      gi|80     1285     1719 
   241    312  1       gi|3     6539     7892 
   241    908 -1       gi|7    20491    21703 
   241    827 -1      gi|64    22672    24218 
   242    314  1       gi|3    13194    13426 
   242   1217 -1      gi|92     1634     1857 
   243    317  1       gi|3    16903    18116 
   243    502 -1      gi|43     9300    10859 
   243    700 -1      gi|57     9960    11584 
   243    318  1       gi|3    18319    18468 
   243   1202  1      gi|90    33326    33449 
   244    319  1       gi|3    19877    19930 
   244    430  1      gi|38    28611    28867 
   245    321  1       gi|3    22012    22100 
   245   1173 -1      gi|89     3794     3879 
   246    323  1       gi|3    27829    28558 
   246   1338 -1      gi|57    11734    12476 
   246    723 -1      gi|58    19596    20340 
   246    912 -1       gi|7    29714    30459 
   247    325  1       gi|3    30196    30804 
   247   1226  1      gi|92    15333    15637 
   248    328  1       gi|3    35370    35431 
   248   1045  1      gi|79    34155    35039 
   248    530  1      gi|44    18739    19599 
   249    329  1       gi|3    36063    36787 
   249    790  1      gi|61    34036    34746 
   250    336  1      gi|30    20842    21755 
   250    760 -1      gi|60    14874    15228 
   251    342  1      gi|30    34664    35782 
   251   1257 -1      gi|94     8226     9360 
   252    343  1      gi|30    36372    37455 
   252    401 -1      gi|36    22039    22577 
   252    778 -1      gi|61    16358    17442 
   252   1249 -1      gi|93    31969    32246 
   252    653 -1      gi|54     6086     7166 
   252    654 -1      gi|54     7345     8375 
   252   1250  1      gi|93    33573    33777 
   252    545  1      gi|45    22028    22277 
   253    344  1      gi|30    38740    38837 
   253    818 -1      gi|63    38716    38816 
   254    346  1      gi|31     3242     3372 
   254    404  1      gi|37     5608     5747 
   255    347  1      gi|31     5493     8054 
   255    478 -1      gi|41    26674    29127 
   255   1029  1      gi|78    12185    13623 
   256    348  1      gi|31    12980    13738 
   256    419 -1      gi|38     5779     6036 
   256    695  1      gi|57     4309     5062 
   257    350  1      gi|31    19685    19787 
   257    474 -1      gi|41    15793    15905 
   258    351  1      gi|31    20062    20561 
   258    603  1       gi|5    21908    22389 
   259    352  1      gi|31    20626    21323 
   259    604  1       gi|5    22535    23247 
   260    353  1      gi|31    22542    23309 
   260    911 -1       gi|7    28716    29477 
   261    355  1      gi|31    31454    31563 
   261   1125  1      gi|85    14376    15100 
   261    624 -1      gi|51    17293    18012 
   262    359  1      gi|32     3384     4162 
   262    986  1      gi|75    12228    12381 
   262   1015 -1      gi|77    12805    13515 
   263    361  1      gi|32     7837     9305 
   263    407 -1      gi|37    18118    19566 
   264    363  1      gi|32    35440    36760 
   264    402 -1      gi|36    25070    26446 
   265    364  1      gi|32    37528    38514 
   265   1109 -1      gi|84     3103     4066 
   266    365  1      gi|32    38461    39221 
   266   1108 -1      gi|84     2335     3081 
   267    366  1      gi|32    39250    39534 
   267   1107 -1      gi|84     1931     2209 
   268    367  1      gi|33        1     3911 
   268    795 -1      gi|62     1254     1377 
   268   1191  1       gi|9     3189     7101 
   268   1264 -1      gi|94    37523    37643 
   269    368  1      gi|34      764      827 
   269   1150 -1      gi|87     9973    10031 
   270    369  1      gi|34      873     1250 
   270   1046  1      gi|79    35333    35707 
   271    370  1      gi|34    10941    11329 
   272    371  1      gi|34    11164    11556 
   272    932 -1      gi|71    21598    22024 
   273    373  1      gi|34    15415    16723 
   273    551 -1      gi|46     1104     1325 
   273    814  1      gi|63    23228    24495 
   274    374  1      gi|34    21027    22166 
   274    712  1      gi|57    32910    34046 
   275    375  1      gi|34    22527    23525 
   275    710  1      gi|57    28061    28665 
   275    890  1      gi|69    11293    12224 
   275   1047 -1      gi|79    39150    40000 
   276    378  1      gi|34    28736    28874 
   276    824 -1      gi|64    18864    18994 
   276    379  1      gi|34    28987    29047 
   277    381  1      gi|34    36174    36644 
   278    382  1      gi|35      794     2329 
   278    751 -1       gi|6    21987    23558 
   278    768  1      gi|60    32001    32141 
   278    432  1      gi|38    33870    34009 
   279    384  1      gi|35     4164     4753 
   279    839  1      gi|66        5      606 
   280    385  1      gi|35     8295     8489 
   280    628  1      gi|51    34394    34589 
   281    386  1      gi|35     9201     9943 
   281   1039  1      gi|79    23207    23934 
   282    387  1      gi|35    11489    11936 
   282   1038 -1      gi|79    19955    20381 
   283    388  1      gi|35    11954    12148 
   283    484 -1      gi|42     4075     4636 
   283   1119  1      gi|84    25105    25686 
   284    389  1      gi|35    12761    12965 
   284    945  1      gi|72    15964    16286 
   284   1220  1      gi|92     5786     6907 
   284    951 -1      gi|72    34739    35814 
   285    391  1      gi|35    21759    21956 
   285   1035 -1      gi|79    15867    16067 
   285    966  1      gi|73    34246    34386 
   286    392  1      gi|35    27349    27497 
   287    393  1      gi|35    32285    32385 
   287    541  1      gi|45    11337    11434 
   288    394  1      gi|35    38207    38599 
   288    926 -1      gi|71     8702     9091 
   289    396  1      gi|36     9555    11432 
   289    581 -1      gi|48    36279    38115 
   290    398  1      gi|36    14049    14963 
   290    572  1      gi|48    11928    12831 
   291    400  1      gi|36    19360    19482 
   291    513  1      gi|43    31604    31745 
   292    403  1      gi|37     4158     4551 
   293    405  1      gi|37    15235    15969 
   293    937 -1      gi|71    26788    27527 
   293    613 -1      gi|50     9879    10578 
   294    406  1      gi|37    16978    17606 
   294    779  1      gi|61    19745    20387 
   295    408  1      gi|37    22746    24428 
   295    955 -1      gi|73     6092     7772 
   295   1214 -1      gi|91    32307    33952 
   296    409  1      gi|37    24858    25762 
   296    503  1      gi|43    11198    12074 
   296   1077 -1      gi|80    36503    37285 
   296    410  1      gi|37    26246    26449 
   297    412  1      gi|37    33296    33538 
   297    594  1      gi|49    25462    26120 
   297    755 -1      gi|60     6556     7102 
   297    807  1      gi|63     2156     2731 
   298    413  1      gi|37    33794    34078 
   298    636  1      gi|52    17680    17997 
   299    414  1      gi|37    37578    38386 
   299   1135  1      gi|86     8430     9256 
   300    417  1      gi|38     3128     3882 
   301    418  1      gi|38     4012     4849 
   302    420  1      gi|38     6846     7521 
   303    421  1      gi|38     7208     8138 
   303   1200  1      gi|90    10528    11910 
   303    422  1      gi|38     8674    10238 
   303   1196 -1      gi|90        1      676 
   303    480  1      gi|41    33960    34068 
   304    423  1      gi|38    10449    11624 
   304   1111  1      gi|84     7885     9066 
   305    425  1      gi|38    18805    19388 
   305    777  1      gi|61    14979    16119 
   305    592 -1      gi|49    20201    21267 
   306    426  1      gi|38    21299    21425 
   306   1270  1      gi|95    24453    24561 
   307    428  1      gi|38    23249    24004 
   307   1092  1      gi|82    12800    13602 
   308    433  1      gi|38    35541    35620 
   308    661 -1      gi|54    31712    31791 
   309    437  1      gi|39        2      560 
   310    438  1      gi|39      879     2549 
   310    808 -1      gi|63     3255     4917 
   311    445  1      gi|39    14688    14771 
   311    447 -1       gi|4      811     2683 
   311    834 -1      gi|65     1192     3061 
   312    448  1       gi|4     7101     8428 
   313    449  1       gi|4    13749    14129 
   313   1105  1      gi|83    32253    32689 
   314    450  1       gi|4    20284    21546 
   314    705  1      gi|57    20188    21441 
   314   1276  1      gi|95    35390    35480 
   315    451  1       gi|4    21711    22365 
   315    593  1      gi|49    22929    23596 
   316    456  1      gi|40    10212    10315 
   316   1095 -1      gi|82    22256    22379 
   317    459  1      gi|40    16357    17212 
   317   1169  1      gi|88    29501    30358 
   317    614 -1      gi|50    10610    11326 
   318    461  1      gi|40    17328    18420 
   318    838 -1      gi|65    36228    37308 
   319    462  1      gi|40    19141    19215 
   319    553 -1      gi|46    14782    14856 
   320    463  1      gi|40    19742    19912 
   320   1025 -1      gi|78     3942     4140 
   320    775  1      gi|61    13660    13824 
   321    467  1      gi|40    34006    35861 
   321   1033  1      gi|79     6235     8062 
   322    468  1      gi|40    36717    37655 
   322   1112  1      gi|84     9606    10535 
   323    469  1      gi|40    38110    38459 
   323   1113  1      gi|84    10994    11343 
   324    470  1      gi|40    38685    39675 
   324   1114  1      gi|84    11666    12638 
   325    471  1      gi|41     3331     3436 
   325   1115  1      gi|84    16247    16349 
   326    472  1      gi|41     6346     8106 
   326    720  1      gi|58     9851    10673 
   326   1273 -1      gi|95    31207    32940 
   327    473  1      gi|41    11349    11523 
   327   1134 -1      gi|86     8113     8286 
   328    475  1      gi|41    22744    22983 
   328   1076  1      gi|80    34333    34528 
   328   1192  1       gi|9     7747     7858 
   329    477  1      gi|41    25532    25861 
   329    872 -1      gi|68    14920    15254 
   330    486  1      gi|42     7990     8133 
   330    902 -1       gi|7    10722    10849 
   331    487  1      gi|42    10510    11021 
   332    489  1      gi|42    14201    14581 
   332   1142 -1      gi|86    28605    28989 
   333    490  1      gi|42    15175    15838 
   334    494  1      gi|42    35519    36128 
   334   1001  1      gi|76    11850    12115 
   334   1028  1      gi|78    10578    11287 
   334    547  1      gi|45    30957    31629 
   334    856  1      gi|66    29995    30140 
   335    495  1      gi|42    37899    38340 
   336    496  1      gi|42    38307    38475 
   336    781 -1      gi|61    24455    24614 
   337    497  1      gi|43      793     1226 
   337    684  1      gi|56    13580    14013 
   338    499  1      gi|43     6897     6990 
   338   1152  1      gi|87    18226    18331 
   339    501  1      gi|43     8849     8938 
   339   1019 -1      gi|77    26831    26911 
   340    504  1      gi|43    12794    13402 
   340   1314  1      gi|45     9335    10545 
   340    969  1      gi|74     7075     7659 
   340   1311  1      gi|68    21775    22971 
   340   1313 -1      gi|61     5299     6547 
   340   1084 -1      gi|81    25109    26262 
   340   1316  1      gi|90     2734     3975 
   341    507  1      gi|43    24149    24590 
   341    956  1      gi|73    11724    12171 
   342    508  1      gi|43    25499    25999 
   343    512  1      gi|43    31169    31238 
   343    835 -1      gi|65     6866     6934 
   344    517  1      gi|43    36009    36120 
   344    855  1      gi|66    29887    29998 
   345    525  1      gi|44    12246    12897 
   346    526  1      gi|44    14654    15172 
   346    639  1      gi|53    11151    11687 
   347    528  1      gi|44    17122    17502 
   347    826  1      gi|64    21510    21897 
   348    529  1      gi|44    17901    17976 
   348    575  1      gi|48    21973    22050 
   349    532  1      gi|44    26218    26331 
   349    978  1      gi|74    28656    28762 
   350    537  1      gi|45     2913     3003 
   350    784 -1      gi|61    28161    28250 
   351    538  1      gi|45     3069     4082 
   351    905  1       gi|7    17306    18363 
   352    539  1      gi|45     5922     6108 
   352    845 -1      gi|66     6452     6641 
   353    546  1      gi|45    30033    30100 
   353    837  1      gi|65    34495    34567 
   354    549  1      gi|45    34263    35659 
   354    567 -1      gi|47    35121    35249 
   355    550  1      gi|45    37376    38186 
   355    583  1      gi|49     2489     3299 
   355   1223  1      gi|92    10375    11082 
   356    555  1      gi|46    22566    23165 
   356    950  1      gi|72    30916    31559 
   356    607  1       gi|5    29414    30074 
   356   1068  1      gi|80     2505     3043 
   357    557  1      gi|46    30569    30774 
   357    763 -1      gi|60    23559    23773 
   358    559  1      gi|47     7094     7491 
   359    560  1      gi|47    10118    10494 
   359   1331 -1      gi|36    11938    12376 
   359    580  1      gi|48    35326    35764 
   359   1333 -1      gi|22    31391    31705 
   360    561  1      gi|47    12344    12990 
   361    562  1      gi|47    14468    14595 
   361    836  1      gi|65    21333    21444 
   362    563  1      gi|47    23111    23246 
   362    665  1      gi|55      722      871 
   363    564  1      gi|47    24422    24943 
   364    565  1      gi|47    32451    32585 
   364   1053 -1       gi|8    11782    13382 
   364    998  1      gi|76     3624     5177 
   365    566  1      gi|47    34645    34781 
   365    819  1      gi|64     2725     2855 
   366    569  1      gi|48        8      717 
   366    726 -1      gi|58    32780    33489 
   367    571  1      gi|48     3694     3761 
   367   1123  1      gi|84    34594    38180 
   367    758  1      gi|60    11352    13714 
   367    762  1      gi|60    19897    20735 
   367   1266 -1      gi|95     1299     1474 
   368    573  1      gi|48    15029    15165 
   368   1170  1      gi|88    34112    34248 
   369    574  1      gi|48    18678    19308 
   370    576  1      gi|48    22243    23608 
   370    656 -1      gi|54    18853    20165 
   370    657 -1      gi|54    20775    21705 
   371    578  1      gi|48    28241    29410 
   371    892  1      gi|69    14623    15783 
   372    582  1      gi|48    38772    39742 
   372    791  1      gi|61    34790    35748 
   373    585  1      gi|49     8046     8891 
   374    588  1      gi|49    15447    15696 
   374    792 -1      gi|61    35816    36632 
   375    589  1      gi|49    15722    17451 
   375    939 -1      gi|71    33717    35449 
   376    590  1      gi|49    17420    19132 
   376   1058  1       gi|8    22844    24559 
   377    591  1      gi|49    19134    20177 
   377    605 -1       gi|5    25591    26633 
   378    602  1       gi|5    12661    13304 
   379    606  1       gi|5    28735    28901 
   379    621 -1      gi|51     9868    10032 
   380    608  1       gi|5    33306    33836 
   381    612  1      gi|50     8504     8621 
   381    934 -1      gi|71    22393    23546 
   382    616  1      gi|50    27733    27868 
   382   1021  1      gi|77    38165    38301 
   383    617  1      gi|50    35953    36139 
   383   1164 -1      gi|88    12858    13028 
   384    618  1      gi|51     1278     2050 
   384   1269 -1      gi|95    17679    18451 
   385    619  1      gi|51     4360     4589 
   385    670  1      gi|55    14481    14712 
   386    623  1      gi|51    14456    15968 
   386    729  1      gi|58    37120    38588 
   387    626  1      gi|51    29036    30227 
   387   1061 -1       gi|8    30175    31391 
   387    627  1      gi|51    30413    31644 
   388    629  1      gi|51    34858    35081 
   388    783 -1      gi|61    27416    27648 
   389    631  1      gi|52     7038     7521 
   389    742  1      gi|59    36139    36912 
   390    633  1      gi|52    12791    13383 
   390   1237 -1      gi|93        8      564 
   391    635  1      gi|52    15622    15737 
   391   1100 -1      gi|83     7501     7630 
   392    637  1      gi|52    36364    36476 
   392    641  1      gi|53    16728    16834 
   393    640  1      gi|53    13134    14448 
   393   1141 -1      gi|86    25713    27020 
   394    643  1      gi|53    23991    24316 
   394    707  1      gi|57    22934    23258 
   395    647  1      gi|54       28      197 
   395    860  1      gi|66    37562    37729 
   396    648  1      gi|54      288      948 
   396    952  1      gi|73     3027     3692 
   397    649  1      gi|54     1016     1673 
   397    954 -1      gi|73     4803     5457 
   398    650  1      gi|54     2073     2391 
   398    953 -1      gi|73     4073     4391 
   399    651  1      gi|54     2849     2952 
   399    869 -1      gi|68     3040     3152 
   400    652  1      gi|54     5071     5266 
   401    658  1      gi|54    24016    25229 
   401   1243  1      gi|93     7115     8308 
   402    659  1      gi|54    26452    27139 
   403    663  1      gi|54    34709    34832 
   403   1158 -1      gi|88      423      560 
   404    664  1      gi|54    36715    37154 
   404    867  1      gi|67    33204    33586 
   404   1346 -1      gi|66    34684    35096 
   404   1347 -1       gi|9    28994    29356 
   405    667  1      gi|55     9973    10283 
   406    669  1      gi|55    13054    13276 
   406   1165  1      gi|88    14180    15154 
   406    728 -1      gi|58    35979    36959 
   407    672  1      gi|55    16160    16770 
   407    924 -1      gi|71     6632     7225 
   408    674  1      gi|55    19237    20820 
   408    815  1      gi|63    26597    26753 
   408    899  1       gi|7      226      680 
   409    675  1      gi|55    22203    22364 
   409   1252  1      gi|93    37358    37524 
   410    676  1      gi|55    25529    25752 
   410   1155 -1      gi|87    34850    35076 
   411    677  1      gi|55    28503    29829 
   412    678  1      gi|55    30154    30483 
   412   1116 -1      gi|84    19727    20061 
   413    679  1      gi|55    36565    36690 
   413   1013 -1      gi|77     3313     3428 
   414    681  1      gi|56     2631     5097 
   414    989 -1      gi|75    15497    15610 
   414   1139  1      gi|86    18096    20557 
   414   1254  1      gi|94     1976     2061 
   414   1255 -1      gi|94     4042     4844 
   414    988 -1      gi|75    15226    15504 
   415    682  1      gi|56     5153     5284 
   415   1040 -1      gi|79    25371    25506 
   416    683  1      gi|56     6199     7491 
   416    979 -1      gi|75      107      355 
   416    981  1      gi|75     2984     3132 
   416    991 -1      gi|75    24724    26039 
   416    687 -1      gi|56    21409    22718 
   417    686  1      gi|56    19089    20421 
   417   1274 -1      gi|95    33004    34347 
   418    691  1      gi|56    34762    34812 
   418    797 -1      gi|62    12934    12984 
   419    703  1      gi|57    13813    14803 
   419    861 -1      gi|66    37956    39105 
   420    708  1      gi|57    24446    24627 
   421    711  1      gi|57    30090    31411 
   421    975  1      gi|74    18512    18604 
   421   1189 -1      gi|89    38481    39778 
   421   1227  1      gi|92    19040    20174 
   422    713  1      gi|57    34717    36679 
   422   1007  1      gi|76    33833    35755 
   423    714  1      gi|57    39480    39970 
   423   1009  1      gi|76    38447    38941 
   424    715  1      gi|58        1      314 
   425    717  1      gi|58     3779     3850 
   425    916 -1      gi|70     6808     7999 
   425   1075 -1      gi|80    30480    31671 
   426    721  1      gi|58    14640    15737 
   427    724  1      gi|58    23031    23294 
   427    891 -1      gi|69    12348    12596 
   428    733  1      gi|59    13314    13444 
   428   1118  1      gi|84    24453    24582 
   429    736  1      gi|59    18539    20420 
   429    930 -1      gi|71    17654    19497 
   430    737  1      gi|59    24402    24956 
   430    929  1      gi|71    17078    17616 
   431    739  1      gi|59    26518    27283 
   431    766 -1      gi|60    28331    29104 
   431    816 -1      gi|63    33236    33510 
   432    741  1      gi|59    29239    29421 
   432   1275  1      gi|95    34647    34857 
   433    744  1       gi|6      819     1628 
   433    765  1      gi|60    26848    27662 
   434    750  1       gi|6    21767    21883 
   434   1073  1      gi|80    24608    24724 
   435    752  1       gi|6    24376    24507 
   435    944  1      gi|72    13413    13548 
   436    764  1      gi|60    23683    24114 
   437    767  1      gi|60    29336    29876 
   437    974 -1      gi|74    16351    16877 
   438    769  1      gi|60    34873    34993 
   438   1078 -1      gi|80    39600    39714 
   439    770  1      gi|60    36326    36417 
   439   1081  1      gi|81    15070    15159 
   440    771  1      gi|61     4144     4960 
   440    810 -1      gi|63    10271    11114 
   441    773  1      gi|61     9660     9752 
   441   1103 -1      gi|83    16309    16397 
   442    780  1      gi|61    20639    20800 
   442   1206  1      gi|91    19454    19638 
   443    789  1      gi|61    32033    32762 
   443    889  1      gi|69    10460    11190 
   444    794  1      gi|61    39837    40000 
   444   1016 -1      gi|77    13553    14061 
   445    798  1      gi|62    13738    14973 
   445    918 -1      gi|70    25034    26273 
   445    922 -1      gi|70    39857    40000 
   446    799  1      gi|62    16637    17178 
   446    920  1      gi|70    36228    36771 
   447    800  1      gi|62    17190    19223 
   447    917  1      gi|70    16470    18448 
   447    919  1      gi|70    31797    33830 
   448    801  1      gi|62    19443    20485 
   448    921  1      gi|70    36954    38003 
   449    809  1      gi|63     5257     5934 
   449   1211 -1      gi|91    28357    29432 
   450    812  1      gi|63    13999    14779 
   451    813  1      gi|63    19108    19373 
   451   1268 -1      gi|95    12295    12565 
   452    822  1      gi|64    14723    14833 
   452   1085 -1      gi|81    29419    29522 
   453    825  1      gi|64    21029    21084 
   453   1010  1      gi|76    39321    39380 
   454    828  1      gi|64    24164    24826 
   454    949  1      gi|72    27720    28382 
   455    830  1      gi|64    28948    30311 
   455    964  1      gi|73    28286    29673 
   456    831  1      gi|64    35611    35830 
   456    999  1      gi|76     9262     9441 
   457    840  1      gi|66      749      863 
   458    842  1      gi|66     1669     2505 
   458   1175  1      gi|89     7136     7987 
   459    844  1      gi|66     3864     5146 
   460    852  1      gi|66    25165    25301 
   460   1194  1       gi|9    17953    18078 
   461    854  1      gi|66    29293    29413 
   461   1017 -1      gi|77    18077    18198 
   462    858  1      gi|66    32746    33867 
   463    876  1      gi|68    22905    23549 
   464    880  1      gi|68    27432    28010 
   464   1185 -1      gi|89    33218    33848 
   465    882  1      gi|68    29996    30940 
   466    885  1      gi|69     7496     7744 
   466   1260  1      gi|94    14355    15600 
   467    886  1      gi|69     7796     7917 
   467   1083 -1      gi|81    24615    24727 
   468    894  1      gi|69    18363    19402 
   469    895  1      gi|69    23771    24320 
   469   1190 -1       gi|9        1     3188 
   469    898 -1      gi|69    40728    43909 
   469   1041  1      gi|79    25994    26144 
   470    896  1      gi|69    25479    26720 
   470   1133  1      gi|86     6461     7694 
   471    897  1      gi|69    26795    27436 
   471   1136  1      gi|86    10310    10951 
   472    900  1       gi|7     4901     4975 
   472   1204  1      gi|91     7129     7213 
   473    907  1       gi|7    19373    19828 
   474    913  1       gi|7    34124    35006 
   475    925  1      gi|71     7516     8194 
   475   1034  1      gi|79    11303    12017 
   475   1140  1      gi|86    21492    22256 
   476    931  1      gi|71    20465    21226 
   476    958 -1      gi|73    16901    17662 
   477    940  1      gi|71    35526    36310 
   477   1097 -1      gi|82    26042    26827 
   478    941  1      gi|72     5613     6008 
   478   1070  1      gi|80     8509     8855 
   479    942  1      gi|72     8977     9248 
   479   1258  1      gi|94    10837    11133 
   480    948  1      gi|72    20775    22004 
   480   1229  1      gi|92    22648    23252 
   481    960  1      gi|73    22284    23109 
   481   1137  1      gi|86    12300    13122 
   482    961  1      gi|73    23193    25115 
   482   1049 -1       gi|8     5521     7447 
   483    962  1      gi|73    25341    26570 
   483   1080  1      gi|81     9877    11019 
   484    963  1      gi|73    26751    27283 
   484   1215  1      gi|91    36150    36679 
   485    967  1      gi|73    36336    37236 
   485   1236 -1      gi|92    36660    37548 
   486    980  1      gi|75      820     1306 
   486   1224 -1      gi|92    11442    11916 
   487    984  1      gi|75     9085     9319 
   487   1144  1      gi|86    31073    31413 
   488    985  1      gi|75    10970    11566 
   489    990  1      gi|75    21517    21619 
   489   1221  1      gi|92     7777     7878 
   490    992  1      gi|75    28605    28832 
   490   1082  1      gi|81    20652    20907 
   491    996  1      gi|76       38      330 
   491   1065 -1       gi|8    37903    38194 
   492    997  1      gi|76      440     2505 
   492   1063 -1       gi|8    34634    36727 
   493   1000  1      gi|76    11539    11603 
   493   1210 -1      gi|91    27978    28042 
   494   1002  1      gi|76    16771    17035 
   494   1162  1      gi|88     6004     6299 
   495   1003  1      gi|76    19036    20032 
   496   1006  1      gi|76    25023    26061 
   496   1101 -1      gi|83     8722     9809 
   497   1011  1      gi|77      451     1533 
   497   1201  1      gi|90    17783    18815 
   498   1012  1      gi|77     2218     2396 
   499   1027  1      gi|78     5812     6153 
   500   1036  1      gi|79    18423    19047 
   500   1167  1      gi|88    25287    25921 
   501   1037  1      gi|79    19827    19982 
   502   1048  1       gi|8       29     1126 
   503   1059  1       gi|8    25256    25788 
   503   1349  1      gi|95    38491    39026 
   503   1262 -1      gi|94    24217    24474 
   503   1351  1      gi|93    14496    14732 
   504   1064  1       gi|8    37453    37703 
   505   1071  1      gi|80    11213    11615 
   506   1079  1      gi|81     9361     9862 
   507   1086  1      gi|81    35407    36642 
   508   1087  1      gi|82     4842     4950 
   508   1178  1      gi|89    13666    13783 
   509   1102  1      gi|83     9653    10362 
   510   1110  1      gi|84     6058     6239 
   511   1128  1      gi|85    31962    32080 
   511   1132  1      gi|86     4245     4360 
   512   1131  1      gi|86     2690     2799 
   512   1265 -1      gi|94    37671    37777 
   513   1143  1      gi|86    30725    30896 
   513   1259 -1      gi|94    12888    13059 
   514   1148  1      gi|87     5497     6079 
   515   1161  1      gi|88     5213     5446 
   516   1171  1      gi|88    34599    34768 
   517   1172  1      gi|89     3067     3195 
   517   1233  1      gi|92    26500    26625 
   518   1182  1      gi|89    24181    25154 
   518   1306 -1       gi|7    39649    39998 
   519   1186  1      gi|89    36187    36617 
   519   1193  1       gi|9    10470    10881 
   520   1188  1      gi|89    37391    37854 
   521   1219  1      gi|92     4015     4957 
   521   1239 -1      gi|93     1831     2770 
   522   1225  1      gi|92    13633    14270 
   523   1231  1      gi|92    24285    25177 
   523   1238  1      gi|93      907     1796 
   524   1240  1      gi|93     2926     4252 
   525   1241  1      gi|93     4553     5718 
   526   1251  1      gi|93    34829    35936 
   527   1263  1      gi|94    27737    28363 
   528   1294  1      gi|84    31017    31073 
   528   1336 -1      gi|26    10458    10502 
   529   1305  1       gi|7    39518    39648 
   529   1308 -1      gi|59    17164    17290 
   529   1309  1      gi|71    23681    23747 
   530   1312  1      gi|68    22973    23022 
   530   1315  1      gi|45    10547    10606 
   530   1317  1      gi|90     3979     4046 
   531   1318  1      gi|44    36179    36290 
   531   1322 -1      gi|74    12876    12991 
   531   1353 -1      gi|84    25894    25928 
   532   1320  1      gi|74    12759    12792 
   532   1340  1      gi|39     4860     4894 
   532   1342  1      gi|82    10282    10320 
   532   1356 -1      gi|44    36374    36412 
   532   1344  1      gi|82    11990    12032 
   533   1328  1      gi|29     6671     7460 
   533   1329 -1       gi|7    35776    36541 
   534   1332  1      gi|36    12377    12648 
   534   1334  1      gi|22    31729    31977 
   535   1348  1      gi|95    38412    38490 
   535   1350  1      gi|93    14417    14489 
   536   1358  1      gi|27    27086    27168 
   536   1359 -1      gi|43     8195     8400 
   536   1361 -1      gi|85    20261    20468 
