1 gi|1 517 1619
2 gi|1 4994 5089
3 gi|1 6375 6727
4 gi|1 11781 11888
5 gi|1 11909 13046
6 gi|1 13112 13935
7 gi|1 14094 15799
8 gi|1 21579 22166
9 gi|1 25077 25956
10 gi|1 27882 29343
11 gi|1 29950 31328
12 gi|1 31449 32772
13 gi|1 32827 33719
14 gi|1 34301 34589
15 gi|1 38734 39881
16 gi|10 270 1196
17 gi|10 5861 6003
18 gi|10 6765 7047
19 gi|10 7223 8503
20 gi|10 13263 14749
21 gi|10 14622 15536
22 gi|10 15936 19081
23 gi|10 19347 19509
24 gi|10 19625 19716
25 gi|10 20486 22062
26 gi|10 22073 23138
27 gi|10 23517 23857
28 gi|10 25103 26200
29 gi|10 26731 27033
30 gi|10 28450 29285
31 gi|10 30323 31351
32 gi|10 33051 34495
33 gi|10 34101 35178
34 gi|10 36231 37705
35 gi|10 37780 38950
36 gi|10 39344 40000
37 gi|11 247 569
38 gi|11 1787 2681
39 gi|11 3218 3428
40 gi|11 3544 4863
41 gi|11 7351 9068
42 gi|11 9149 10641
43 gi|11 10852 11581
44 gi|11 11267 11951
45 gi|11 12512 13124
46 gi|11 16490 16815
47 gi|11 19761 19874
48 gi|11 19954 20355
49 gi|11 20635 21676
50 gi|11 21916 22372
51 gi|11 24890 25514
52 gi|11 25648 25799
53 gi|11 28096 28170
54 gi|11 34928 35380
55 gi|12 2064 3349
56 gi|12 3908 4630
57 gi|12 7184 7238
58 gi|12 7774 10115
59 gi|12 14554 14711
60 gi|12 23435 23506
61 gi|12 27625 27732
62 gi|12 28641 29014
63 gi|12 37666 37803
64 gi|12 38390 38918
65 gi|13 4166 4433
66 gi|13 7164 7254
67 gi|13 11121 11244
68 gi|13 13475 13664
69 gi|13 21065 21144
70 gi|13 32018 32302
71 gi|13 33208 33365
72 gi|13 36573 36648
73 gi|14 286 391
74 gi|14 2612 3870
75 gi|14 4334 4439
76 gi|14 7470 7865
77 gi|14 18268 19241
78 gi|14 24366 24637
79 gi|14 25823 26738
80 gi|14 26938 27025
81 gi|14 27006 27315
82 gi|14 28999 29112
83 gi|14 37907 38894
84 gi|14 38975 39837
85 gi|15 1 2227
86 gi|15 2714 2821
87 gi|15 8675 8768
88 gi|15 26049 27057
89 gi|15 31559 32143
90 gi|15 32387 32547
91 gi|15 38194 38462
92 gi|16 2170 2363
93 gi|16 3821 4100
94 gi|16 4908 5078
95 gi|16 7989 9542
96 gi|16 11203 12242
97 gi|16 13096 13420
98 gi|16 15338 15393
99 gi|16 15805 16198
100 gi|16 16500 18615
101 gi|16 23611 23737
102 gi|16 24322 24709
103 gi|16 27355 27812
104 gi|16 28569 29464
105 gi|16 29465 30315
106 gi|16 34236 34484
107 gi|17 936 1349
108 gi|17 3685 4138
109 gi|17 5526 6068
110 gi|17 9382 10671
111 gi|17 10940 12379
112 gi|17 12959 13593
113 gi|17 15717 16341
114 gi|17 17878 18250
115 gi|17 19315 20556
116 gi|17 20855 22155
117 gi|17 23461 23664
118 gi|17 33382 34053
119 gi|17 37484 37636
120 gi|17 39655 39705
121 gi|18 18 350
122 gi|18 1998 3153
123 gi|18 4906 5602
124 gi|18 6721 6913
125 gi|18 12050 12375
126 gi|18 19377 19486
127 gi|18 21447 22057
128 gi|18 22666 23350
129 gi|18 25308 26320
130 gi|18 27605 28122
131 gi|18 28200 28738
132 gi|18 30673 31554
133 gi|18 35568 37728
134 gi|19 3200 3302
135 gi|19 9740 9915
136 gi|19 10470 10873
137 gi|19 11617 12125
138 gi|19 15082 15955
139 gi|19 17728 18102
140 gi|19 22820 22953
141 gi|19 23659 25130
142 gi|19 28948 30196
143 gi|19 33790 33889
144 gi|19 34437 34809
145 gi|19 34944 35664
146 gi|19 36335 36605
147 gi|19 38683 39832
148 gi|2 1 44
149 gi|2 2411 3211
150 gi|2 4799 4978
151 gi|2 5371 5529
152 gi|2 17216 17803
153 gi|2 18564 18654
154 gi|2 22651 23499
155 gi|2 25523 26429
156 gi|2 26629 26942
157 gi|2 28022 28339
158 gi|2 33354 33481
159 gi|20 3672 4273
160 gi|20 4908 5250
161 gi|20 8985 9992
162 gi|20 10326 10608
163 gi|20 12188 12649
164 gi|20 12520 13708
165 gi|20 13831 14322
166 gi|20 14208 14513
167 gi|20 14631 15179
168 gi|20 15266 16289
169 gi|20 16687 17167
170 gi|20 17059 17620
171 gi|20 17614 17702
172 gi|20 19174 19932
173 gi|20 20699 20813
174 gi|20 21026 22103
175 gi|20 22258 23221
176 gi|20 24110 24350
177 gi|20 26994 27738
178 gi|20 28863 29279
179 gi|20 30601 31499
180 gi|20 32119 32312
181 gi|20 33738 33884
182 gi|21 1 472
183 gi|21 2281 2684
184 gi|21 5298 7513
185 gi|21 8032 9033
186 gi|21 23624 24276
187 gi|21 32478 32556
188 gi|21 32547 32714
189 gi|21 32669 32804
190 gi|21 34727 35282
191 gi|21 35523 35683
192 gi|21 38038 38416
193 gi|21 38527 38690
194 gi|22 15140 15573
195 gi|22 15742 17200
196 gi|22 17406 17598
197 gi|22 18510 18623
198 gi|22 20170 21674
199 gi|22 21758 23432
200 gi|22 24768 25480
201 gi|22 28262 29148
202 gi|22 29370 30142
203 gi|22 31391 31977
204 gi|22 31811 33033
205 gi|22 33329 34686
206 gi|22 39157 40000
207 gi|23 23 434
208 gi|23 3626 3758
209 gi|23 6805 7208
210 gi|23 7989 8141
211 gi|23 14736 14783
212 gi|23 19425 21340
213 gi|23 21324 21458
214 gi|23 23311 23407
215 gi|23 27632 27818
216 gi|23 29971 32207
217 gi|23 32388 32535
218 gi|23 32694 33216
219 gi|23 33360 34521
220 gi|23 36091 36774
221 gi|23 38588 39279
222 gi|24 4505 5329
223 gi|24 13027 13109
224 gi|24 15453 15589
225 gi|24 15728 15890
226 gi|24 16166 16599
227 gi|24 16665 16948
228 gi|24 23656 23756
229 gi|24 25848 26482
230 gi|24 27905 29466
231 gi|24 30686 30810
232 gi|24 35078 35259
233 gi|24 36792 37441
234 gi|25 318 417
235 gi|25 3920 5601
236 gi|25 5695 6886
237 gi|25 7152 7219
238 gi|25 7518 7789
239 gi|25 8024 8236
240 gi|25 8377 8616
241 gi|25 10739 14254
242 gi|25 18260 18617
243 gi|25 19935 22242
244 gi|25 22475 23566
245 gi|25 27601 27674
246 gi|25 28068 28150
247 gi|25 28436 28740
248 gi|25 29903 30401
249 gi|25 30560 31115
250 gi|25 33565 33695
251 gi|25 34532 36635
252 gi|26 1459 2439
253 gi|26 4633 6115
254 gi|26 6654 6892
255 gi|26 7820 8836
256 gi|26 8406 9514
257 gi|26 9711 10061
258 gi|26 10458 10924
259 gi|26 10987 11227
260 gi|26 13627 14968
261 gi|26 15686 16105
262 gi|26 16614 18114
263 gi|26 18930 19187
264 gi|26 20093 20594
265 gi|26 27118 28358
266 gi|26 30966 31045
267 gi|27 1139 1271
268 gi|27 9347 10262
269 gi|27 11351 11947
270 gi|27 14520 15962
271 gi|27 18066 19181
272 gi|27 22334 23517
273 gi|27 23783 25282
274 gi|27 26694 26815
275 gi|27 26991 27168
276 gi|27 31090 31295
277 gi|27 34378 36371
278 gi|27 38023 38135
279 gi|27 39874 39955
280 gi|28 1464 1607
281 gi|28 5310 5458
282 gi|28 6132 6311
283 gi|28 9189 9641
284 gi|28 10204 11136
285 gi|28 15956 16499
286 gi|28 17602 17816
287 gi|28 17921 17985
288 gi|28 24436 24830
289 gi|28 27761 28446
290 gi|28 28425 29225
291 gi|28 29300 29501
292 gi|28 29540 30148
293 gi|28 30324 32004
294 gi|28 36463 36551
295 gi|28 38749 39072
296 gi|28 39600 39991
297 gi|29 5427 7460
298 gi|29 9193 9325
299 gi|29 10131 11468
300 gi|29 14776 15145
301 gi|29 17043 17185
302 gi|29 20218 20892
303 gi|29 22519 22686
304 gi|29 24179 24491
305 gi|29 31437 31590
306 gi|29 36990 37652
307 gi|29 39653 39995
308 gi|3 16 683
309 gi|3 2590 2720
310 gi|3 4100 5201
311 gi|3 6060 6520
312 gi|3 6539 7892
313 gi|3 12153 13286
314 gi|3 13194 13426
315 gi|3 14828 15582
316 gi|3 15782 16538
317 gi|3 16903 18116
318 gi|3 18319 18468
319 gi|3 19873 19934
320 gi|3 20312 20423
321 gi|3 22012 22100
322 gi|3 23481 25592
323 gi|3 27829 28558
324 gi|3 28781 28839
325 gi|3 30196 30804
326 gi|3 30873 31014
327 gi|3 34101 35198
328 gi|3 35370 35431
329 gi|3 36063 36787
330 gi|3 38711 39999
331 gi|30 7968 9147
332 gi|30 9611 10801
333 gi|30 12898 13024
334 gi|30 16189 17120
335 gi|30 17522 20681
336 gi|30 20842 21755
337 gi|30 23965 24989
338 gi|30 25407 28735
339 gi|30 28629 29633
340 gi|30 31809 32809
341 gi|30 33707 34190
342 gi|30 34664 35782
343 gi|30 36368 37455
344 gi|30 38740 38837
345 gi|31 1110 1956
346 gi|31 3242 3372
347 gi|31 5493 8057
348 gi|31 12980 13738
349 gi|31 14379 16038
350 gi|31 19685 19787
351 gi|31 20062 20561
352 gi|31 20626 21323
353 gi|31 22542 23309
354 gi|31 27600 27680
355 gi|31 31454 31563
356 gi|31 38973 40000
357 gi|32 2090 2158
358 gi|32 2575 2722
359 gi|32 3384 4162
360 gi|32 4252 5064
361 gi|32 7837 9305
362 gi|32 10340 10603
363 gi|32 35440 36760
364 gi|32 37528 38514
365 gi|32 38461 39221
366 gi|32 39250 39534
367 gi|33 1 3911
368 gi|34 764 827
369 gi|34 873 1250
370 gi|34 10941 11329
371 gi|34 11164 11556
372 gi|34 14569 15344
373 gi|34 15415 16723
374 gi|34 21027 22166
375 gi|34 22526 23525
376 gi|34 24841 25943
377 gi|34 26712 28630
378 gi|34 28736 28874
379 gi|34 28987 29047
380 gi|34 30753 31067
381 gi|34 36174 36644
382 gi|35 794 2329
383 gi|35 2806 3934
384 gi|35 4164 4753
385 gi|35 8295 8489
386 gi|35 9201 9943
387 gi|35 11489 11936
388 gi|35 11950 12148
389 gi|35 12761 12965
390 gi|35 15052 15775
391 gi|35 21759 21956
392 gi|35 27349 27497
393 gi|35 32285 32385
394 gi|35 38207 38599
395 gi|36 345 499
396 gi|36 9555 11432
397 gi|36 11938 12648
398 gi|36 14049 14963
399 gi|36 17026 17132
400 gi|36 19360 19482
401 gi|36 22039 22577
402 gi|36 25070 26446
403 gi|37 4158 4551
404 gi|37 5608 5747
405 gi|37 15235 15969
406 gi|37 16978 17606
407 gi|37 18118 19566
408 gi|37 22746 24428
409 gi|37 24858 25762
410 gi|37 26246 26449
411 gi|37 29701 29890
412 gi|37 33296 33538
413 gi|37 33794 34078
414 gi|37 37578 38386
415 gi|38 202 1184
416 gi|38 1953 2077
417 gi|38 3128 3882
418 gi|38 4012 4849
419 gi|38 5779 6036
420 gi|38 6846 7521
421 gi|38 7208 8138
422 gi|38 8674 10238
423 gi|38 10449 11624
424 gi|38 12343 12984
425 gi|38 18805 19388
426 gi|38 21299 21425
427 gi|38 21504 22852
428 gi|38 23249 24004
429 gi|38 27392 28271
430 gi|38 28611 28867
431 gi|38 32747 33175
432 gi|38 33870 34009
433 gi|38 35541 35620
434 gi|38 36230 36953
435 gi|38 37121 37740
436 gi|38 37990 38169
437 gi|39 2 560
438 gi|39 879 2549
439 gi|39 2681 3756
440 gi|39 4853 4980
441 gi|39 5055 5169
442 gi|39 6148 7044
443 gi|39 8538 8633
444 gi|39 9849 10720
445 gi|39 14688 14771
446 gi|39 30844 33005
447 gi|4 811 2683
448 gi|4 7101 8428
449 gi|4 13749 14129
450 gi|4 20284 21546
451 gi|4 21711 22365
452 gi|4 31251 31384
453 gi|4 32531 32636
454 gi|40 3246 3691
455 gi|40 3653 6004
456 gi|40 10212 10315
457 gi|40 12992 13656
458 gi|40 15823 16142
459 gi|40 16357 17212
460 gi|40 17188 17442
461 gi|40 17328 18420
462 gi|40 19141 19215
463 gi|40 19742 19912
464 gi|40 21495 22589
465 gi|40 24244 25534
466 gi|40 30181 30334
467 gi|40 34006 35861
468 gi|40 36717 37655
469 gi|40 38110 38459
470 gi|40 38685 39675
471 gi|41 3331 3436
472 gi|41 6346 8106
473 gi|41 11349 11523
474 gi|41 15793 15905
475 gi|41 22744 22983
476 gi|41 23394 24323
477 gi|41 25532 25861
478 gi|41 26674 29127
479 gi|41 29227 30753
480 gi|41 33960 34068
481 gi|41 34559 34652
482 gi|41 37396 38929
483 gi|41 39343 39440
484 gi|42 4075 4636
485 gi|42 7056 7829
486 gi|42 7990 8133
487 gi|42 10510 11021
488 gi|42 12277 12678
489 gi|42 14201 14581
490 gi|42 15175 15838
491 gi|42 17581 17981
492 gi|42 24106 25149
493 gi|42 28031 28130
494 gi|42 35519 36130
495 gi|42 37899 38340
496 gi|42 38307 38475
497 gi|43 793 1226
498 gi|43 4824 5272
499 gi|43 6897 6990
500 gi|43 8195 8529
501 gi|43 8849 8938
502 gi|43 9300 10864
503 gi|43 11198 12074
504 gi|43 12794 13402
505 gi|43 15120 16827
506 gi|43 18627 20595
507 gi|43 24149 24590
508 gi|43 25499 26001
509 gi|43 26423 26503
510 gi|43 27083 27909
511 gi|43 28080 28968
512 gi|43 31169 31238
513 gi|43 31604 31745
514 gi|43 31959 32155
515 gi|43 34136 34978
516 gi|43 34919 35861
517 gi|43 36009 36120
518 gi|43 37122 38793
519 gi|43 39061 39962
520 gi|44 2109 2387
521 gi|44 2565 3029
522 gi|44 3526 4777
523 gi|44 8449 8659
524 gi|44 11936 12150
525 gi|44 12246 12897
526 gi|44 14654 15172
527 gi|44 15750 17082
528 gi|44 17122 17502
529 gi|44 17901 17976
530 gi|44 18739 19599
531 gi|44 21202 21311
532 gi|44 26218 26331
533 gi|44 36179 36418
534 gi|44 37617 37908
535 gi|45 6 648
536 gi|45 1958 2638
537 gi|45 2913 3003
538 gi|45 3069 4082
539 gi|45 5922 6108
540 gi|45 9335 10606
541 gi|45 11337 11434
542 gi|45 14783 14982
543 gi|45 15964 16740
544 gi|45 17223 17481
545 gi|45 22028 22277
546 gi|45 30033 30100
547 gi|45 30954 31634
548 gi|45 33431 34069
549 gi|45 34263 35659
550 gi|45 37375 38186
551 gi|46 1104 1325
552 gi|46 8820 9640
553 gi|46 14782 14856
554 gi|46 21154 21337
555 gi|46 22566 23165
556 gi|46 29916 30227
557 gi|46 30569 30774
558 gi|46 36593 37680
559 gi|47 7094 7491
560 gi|47 10118 10494
561 gi|47 12344 12990
562 gi|47 14468 14595
563 gi|47 23111 23246
564 gi|47 24422 24943
565 gi|47 32451 32585
566 gi|47 34645 34781
567 gi|47 35121 35249
568 gi|47 38420 38807
569 gi|48 8 717
570 gi|48 3070 3173
571 gi|48 3694 3761
572 gi|48 11928 12831
573 gi|48 15029 15165
574 gi|48 18678 19308
575 gi|48 21973 22050
576 gi|48 22238 23608
577 gi|48 25149 25420
578 gi|48 28241 29418
579 gi|48 34176 35190
580 gi|48 35326 35764
581 gi|48 36279 38115
582 gi|48 38772 39742
583 gi|49 2489 3299
584 gi|49 7269 7726
585 gi|49 8046 8891
586 gi|49 9233 10100
587 gi|49 14978 15568
588 gi|49 15447 15696
589 gi|49 15722 17451
590 gi|49 17420 19132
591 gi|49 19134 20177
592 gi|49 20201 21267
593 gi|49 22929 23596
594 gi|49 25462 26120
595 gi|49 28208 28372
596 gi|49 29808 30058
597 gi|49 29998 30313
598 gi|49 35850 36668
599 gi|5 7439 7561
600 gi|5 9444 10548
601 gi|5 11969 12608
602 gi|5 12661 13304
603 gi|5 21908 22389
604 gi|5 22535 23247
605 gi|5 25591 26633
606 gi|5 28735 28901
607 gi|5 29414 30074
608 gi|5 33306 33836
609 gi|5 34482 35040
610 gi|5 39381 39501
611 gi|50 999 1167
612 gi|50 8504 8621
613 gi|50 9879 10578
614 gi|50 10610 11326
615 gi|50 26042 26335
616 gi|50 27733 27868
617 gi|50 35953 36139
618 gi|51 1278 2050
619 gi|51 4360 4589
620 gi|51 7934 8653
621 gi|51 9868 10032
622 gi|51 13569 13639
623 gi|51 14456 15968
624 gi|51 17293 18012
625 gi|51 22942 23020
626 gi|51 29036 30227
627 gi|51 30413 31644
628 gi|51 34394 34589
629 gi|51 34858 35081
630 gi|52 3282 4529
631 gi|52 7038 7521
632 gi|52 11304 11418
633 gi|52 12791 13383
634 gi|52 13396 13741
635 gi|52 15622 15737
636 gi|52 17680 17997
637 gi|52 36364 36476
638 gi|53 9977 10127
639 gi|53 11151 11687
640 gi|53 13134 14448
641 gi|53 16728 16834
642 gi|53 21142 21306
643 gi|53 23991 24316
644 gi|53 28400 29573
645 gi|53 37387 38745
646 gi|53 39414 39668
647 gi|54 28 197
648 gi|54 288 948
649 gi|54 1016 1673
650 gi|54 2073 2391
651 gi|54 2849 2952
652 gi|54 5071 5266
653 gi|54 6086 7167
654 gi|54 7345 8375
655 gi|54 9741 10184
656 gi|54 18853 20165
657 gi|54 20775 21705
658 gi|54 24016 25229
659 gi|54 26452 27139
660 gi|54 28107 28605
661 gi|54 31712 31791
662 gi|54 32068 33480
663 gi|54 34709 34832
664 gi|54 36715 37154
665 gi|55 722 871
666 gi|55 2006 2289
667 gi|55 9973 10283
668 gi|55 10277 10651
669 gi|55 13054 13276
670 gi|55 14481 14712
671 gi|55 16068 16115
672 gi|55 16160 16770
673 gi|55 19090 19355
674 gi|55 19237 20820
675 gi|55 22203 22364
676 gi|55 25529 25752
677 gi|55 28503 29829
678 gi|55 30154 30483
679 gi|55 36565 36690
680 gi|55 37719 37844
681 gi|56 2627 5098
682 gi|56 5153 5284
683 gi|56 6199 7491
684 gi|56 13580 14013
685 gi|56 15960 16373
686 gi|56 19089 20421
687 gi|56 21409 22718
688 gi|56 24360 24807
689 gi|56 28005 28706
690 gi|56 33266 34121
691 gi|56 34762 34812
692 gi|56 35148 35241
693 gi|56 35547 35968
694 gi|56 35951 36096
695 gi|57 4309 5062
696 gi|57 5328 5474
697 gi|57 5792 6713
698 gi|57 6450 7689
699 gi|57 7898 8017
700 gi|57 9960 11584
701 gi|57 11716 12488
702 gi|57 12557 12630
703 gi|57 13813 14803
704 gi|57 17829 17930
705 gi|57 20188 21441
706 gi|57 21599 22794
707 gi|57 22934 23258
708 gi|57 24446 24627
709 gi|57 24709 25472
710 gi|57 28061 28665
711 gi|57 30090 31411
712 gi|57 32910 34046
713 gi|57 34717 36679
714 gi|57 39480 39970
715 gi|58 1 314
716 gi|58 379 671
717 gi|58 3779 3850
718 gi|58 5187 6773
719 gi|58 7184 8050
720 gi|58 9851 10673
721 gi|58 14640 15737
722 gi|58 19370 19768
723 gi|58 19596 20343
724 gi|58 23031 23294
725 gi|58 30266 31618
726 gi|58 32780 33489
727 gi|58 33497 34524
728 gi|58 35979 36959
729 gi|58 37120 38588
730 gi|58 39003 39707
731 gi|59 1683 3069
732 gi|59 7052 8293
733 gi|59 13314 13444
734 gi|59 16167 17290
735 gi|59 17522 18732
736 gi|59 18539 20420
737 gi|59 24402 24956
738 gi|59 25028 26053
739 gi|59 26518 27283
740 gi|59 28853 29039
741 gi|59 29239 29421
742 gi|59 36139 36912
743 gi|59 38320 38509
744 gi|6 819 1628
745 gi|6 2453 2564
746 gi|6 8932 9402
747 gi|6 9713 9893
748 gi|6 17329 17433
749 gi|6 18346 19743
750 gi|6 21767 21883
751 gi|6 21987 23558
752 gi|6 24376 24507
753 gi|6 35351 35433
754 gi|60 1470 1543
755 gi|60 6556 7102
756 gi|60 8072 8305
757 gi|60 10089 10424
758 gi|60 11352 13714
759 gi|60 13669 13871
760 gi|60 14874 15228
761 gi|60 16184 19482
762 gi|60 19897 20735
763 gi|60 23559 23773
764 gi|60 23683 24114
765 gi|60 26848 27662
766 gi|60 28331 29104
767 gi|60 29336 29876
768 gi|60 32001 32141
769 gi|60 34873 34993
770 gi|60 36326 36417
771 gi|61 4144 4960
772 gi|61 5281 6547
773 gi|61 9660 9752
774 gi|61 11564 12575
775 gi|61 13660 13824
776 gi|61 14122 14692
777 gi|61 14979 16119
778 gi|61 16354 17446
779 gi|61 19745 20387
780 gi|61 20639 20800
781 gi|61 24455 24614
782 gi|61 25385 26128
783 gi|61 27416 27648
784 gi|61 28161 28250
785 gi|61 28622 29185
786 gi|61 29118 29257
787 gi|61 30532 30986
788 gi|61 31169 31678
789 gi|61 32033 32762
790 gi|61 34036 34746
791 gi|61 34790 35748
792 gi|61 35816 36632
793 gi|61 36770 38917
794 gi|61 39837 40000
795 gi|62 1248 1377
796 gi|62 9138 9320
797 gi|62 12934 12984
798 gi|62 13738 14973
799 gi|62 16637 17178
800 gi|62 17189 19223
801 gi|62 19443 20485
802 gi|62 21048 21157
803 gi|62 26303 26500
804 gi|62 29365 30755
805 gi|62 30884 31766
806 gi|63 188 770
807 gi|63 2156 2731
808 gi|63 3255 4917
809 gi|63 5257 5934
810 gi|63 10271 11114
811 gi|63 12072 12898
812 gi|63 13999 14779
813 gi|63 19108 19373
814 gi|63 23228 24495
815 gi|63 26597 26753
816 gi|63 33236 33510
817 gi|63 33928 34021
818 gi|63 38716 38816
819 gi|64 2725 2855
820 gi|64 5330 5931
821 gi|64 7115 7200
822 gi|64 14723 14833
823 gi|64 16458 17390
824 gi|64 18864 18994
825 gi|64 21029 21084
826 gi|64 21510 21897
827 gi|64 22672 24218
828 gi|64 24164 24826
829 gi|64 25791 26020
830 gi|64 28948 30311
831 gi|64 35611 35830
832 gi|64 39588 39631
833 gi|64 39907 39999
834 gi|65 1192 3061
835 gi|65 6866 6934
836 gi|65 21333 21444
837 gi|65 34495 34567
838 gi|65 36228 37308
839 gi|66 5 606
840 gi|66 749 863
841 gi|66 877 1170
842 gi|66 1669 2505
843 gi|66 3525 3609
844 gi|66 3864 5146
845 gi|66 6452 6641
846 gi|66 8713 8916
847 gi|66 8929 9370
848 gi|66 9713 10145
849 gi|66 13881 15142
850 gi|66 18018 19464
851 gi|66 24045 24574
852 gi|66 25165 25301
853 gi|66 26946 28248
854 gi|66 29293 29413
855 gi|66 29887 29998
856 gi|66 29995 30140
857 gi|66 30139 30465
858 gi|66 32746 33867
859 gi|66 34684 35117
860 gi|66 37562 37729
861 gi|66 37956 39105
862 gi|67 8311 8615
863 gi|67 10414 10602
864 gi|67 10554 11580
865 gi|67 11942 12363
866 gi|67 14453 15259
867 gi|67 33204 33590
868 gi|68 302 1596
869 gi|68 3040 3152
870 gi|68 5109 5597
871 gi|68 9262 10639
872 gi|68 14920 15254
873 gi|68 17424 17616
874 gi|68 18429 18565
875 gi|68 21774 23022
876 gi|68 22905 23549
877 gi|68 24683 25705
878 gi|68 25843 25987
879 gi|68 26070 27325
880 gi|68 27432 28010
881 gi|68 28737 29668
882 gi|68 29996 30940
883 gi|68 32800 32941
884 gi|68 33977 34811
885 gi|69 7496 7744
886 gi|69 7796 7917
887 gi|69 8252 8533
888 gi|69 9594 10278
889 gi|69 10460 11190
890 gi|69 11293 12224
891 gi|69 12348 12596
892 gi|69 14623 15783
893 gi|69 16249 16991
894 gi|69 18363 19402
895 gi|69 23771 24320
896 gi|69 25479 26720
897 gi|69 26795 27436
898 gi|69 40728 43909
899 gi|7 226 680
900 gi|7 4901 4975
901 gi|7 5219 5386
902 gi|7 10722 10849
903 gi|7 13119 13241
904 gi|7 16048 17147
905 gi|7 17306 18363
906 gi|7 18452 19217
907 gi|7 19373 19828
908 gi|7 20489 21705
909 gi|7 22068 23192
910 gi|7 27382 28611
911 gi|7 28716 29477
912 gi|7 29714 30468
913 gi|7 34124 35006
914 gi|7 35776 37868
915 gi|7 39518 40000
916 gi|70 6808 7999
917 gi|70 16470 18448
918 gi|70 25034 26273
919 gi|70 31797 33830
920 gi|70 36228 36771
921 gi|70 36954 38003
922 gi|70 39857 40000
923 gi|71 1571 1987
924 gi|71 6632 7225
925 gi|71 7516 8194
926 gi|71 8702 9091
927 gi|71 11767 12287
928 gi|71 12906 13043
929 gi|71 17078 17616
930 gi|71 17654 19497
931 gi|71 20465 21226
932 gi|71 21598 22024
933 gi|71 22122 22255
934 gi|71 22393 23546
935 gi|71 23681 24757
936 gi|71 24544 24993
937 gi|71 26788 27527
938 gi|71 30831 30904
939 gi|71 33717 35449
940 gi|71 35526 36310
941 gi|72 5613 6008
942 gi|72 8977 9248
943 gi|72 10292 10441
944 gi|72 13413 13548
945 gi|72 15964 16286
946 gi|72 17986 18824
947 gi|72 19444 20678
948 gi|72 20775 22005
949 gi|72 27720 28382
950 gi|72 30916 31559
951 gi|72 34739 35814
952 gi|73 3027 3692
953 gi|73 4073 4391
954 gi|73 4803 5457
955 gi|73 6092 7777
956 gi|73 11724 12171
957 gi|73 15418 16760
958 gi|73 16901 17662
959 gi|73 21404 22055
960 gi|73 22284 23109
961 gi|73 23193 25115
962 gi|73 25341 26570
963 gi|73 26751 27283
964 gi|73 28286 29673
965 gi|73 29693 30894
966 gi|73 34246 34386
967 gi|73 36336 37236
968 gi|73 38657 38782
969 gi|74 7075 7659
970 gi|74 10395 11615
971 gi|74 12317 12368
972 gi|74 12759 12991
973 gi|74 16153 16225
974 gi|74 16351 16877
975 gi|74 18512 18604
976 gi|74 19076 20264
977 gi|74 24710 24902
978 gi|74 28656 28762
979 gi|75 107 355
980 gi|75 820 1306
981 gi|75 2984 3132
982 gi|75 6753 7071
983 gi|75 7553 8116
984 gi|75 9085 9319
985 gi|75 10970 11566
986 gi|75 12228 12381
987 gi|75 14564 14954
988 gi|75 15226 15504
989 gi|75 15497 15611
990 gi|75 21517 21619
991 gi|75 24724 26040
992 gi|75 28605 28832
993 gi|75 29444 29541
994 gi|75 32397 32939
995 gi|75 35567 35850
996 gi|76 38 330
997 gi|76 440 2505
998 gi|76 3624 5177
999 gi|76 9262 9441
1000 gi|76 11539 11603
1001 gi|76 11850 12115
1002 gi|76 16771 17035
1003 gi|76 19036 20032
1004 gi|76 21639 21753
1005 gi|76 23011 23633
1006 gi|76 25023 26061
1007 gi|76 33833 35755
1008 gi|76 38073 38172
1009 gi|76 38447 38941
1010 gi|76 39321 39380
1011 gi|77 451 1533
1012 gi|77 2218 2396
1013 gi|77 3313 3428
1014 gi|77 7990 8686
1015 gi|77 12805 13515
1016 gi|77 13553 14061
1017 gi|77 18077 18198
1018 gi|77 25084 25368
1019 gi|77 26831 26911
1020 gi|77 29230 29402
1021 gi|77 38165 38301
1022 gi|78 114 943
1023 gi|78 1484 2078
1024 gi|78 2251 3639
1025 gi|78 3942 4140
1026 gi|78 5134 5970
1027 gi|78 5812 6156
1028 gi|78 10578 11287
1029 gi|78 12185 13623
1030 gi|78 27539 27959
1031 gi|78 38651 39630
1032 gi|79 5581 5781
1033 gi|79 6235 8062
1034 gi|79 11303 12017
1035 gi|79 15867 16067
1036 gi|79 18423 19047
1037 gi|79 19827 19982
1038 gi|79 19955 20381
1039 gi|79 23207 23934
1040 gi|79 25371 25506
1041 gi|79 25994 26144
1042 gi|79 28495 28821
1043 gi|79 28721 28954
1044 gi|79 30317 32299
1045 gi|79 34155 35039
1046 gi|79 35333 35707
1047 gi|79 39150 40000
1048 gi|8 29 1126
1049 gi|8 5521 7447
1050 gi|8 7527 8655
1051 gi|8 9335 9521
1052 gi|8 10003 11211
1053 gi|8 11782 13382
1054 gi|8 13984 14286
1055 gi|8 14611 15444
1056 gi|8 16101 16911
1057 gi|8 16956 17892
1058 gi|8 22844 24559
1059 gi|8 25251 25788
1060 gi|8 25803 26157
1061 gi|8 30175 31394
1062 gi|8 32334 33113
1063 gi|8 34634 36727
1064 gi|8 37453 37703
1065 gi|8 37903 38194
1066 gi|8 38333 39479
1067 gi|80 1285 1719
1068 gi|80 2505 3043
1069 gi|80 4544 5494
1070 gi|80 8509 8855
1071 gi|80 11213 11615
1072 gi|80 19173 19440
1073 gi|80 24608 24724
1074 gi|80 24918 25642
1075 gi|80 30480 31671
1076 gi|80 34333 34528
1077 gi|80 36503 37285
1078 gi|80 39600 39714
1079 gi|81 9361 9862
1080 gi|81 9877 11019
1081 gi|81 15070 15159
1082 gi|81 20652 20907
1083 gi|81 24615 24727
1084 gi|81 25109 26269
1085 gi|81 29419 29522
1086 gi|81 35407 36642
1087 gi|82 4842 4950
1088 gi|82 6167 6237
1089 gi|82 10276 10408
1090 gi|82 10621 11840
1091 gi|82 11990 12116
1092 gi|82 12800 13602
1093 gi|82 15234 15306
1094 gi|82 18216 19368
1095 gi|82 22256 22379
1096 gi|82 22404 22920
1097 gi|82 26042 26827
1098 gi|82 28962 30027
1099 gi|83 2518 2674
1100 gi|83 7501 7630
1101 gi|83 8722 9809
1102 gi|83 9653 10362
1103 gi|83 16309 16397
1104 gi|83 25665 26550
1105 gi|83 32253 32689
1106 gi|83 32750 32883
1107 gi|84 1931 2209
1108 gi|84 2335 3081
1109 gi|84 3103 4066
1110 gi|84 6058 6239
1111 gi|84 7885 9066
1112 gi|84 9606 10535
1113 gi|84 10994 11343
1114 gi|84 11666 12638
1115 gi|84 16247 16349
1116 gi|84 19727 20061
1117 gi|84 20425 21289
1118 gi|84 24453 24582
1119 gi|84 25105 25686
1120 gi|84 25813 25928
1121 gi|84 29562 31073
1122 gi|84 31686 32256
1123 gi|84 34594 38180
1124 gi|85 13562 13650
1125 gi|85 14372 15100
1126 gi|85 20261 20597
1127 gi|85 31140 31187
1128 gi|85 31962 32080
1129 gi|85 34178 34827
1130 gi|85 38784 39999
1131 gi|86 2690 2799
1132 gi|86 4245 4360
1133 gi|86 6461 7694
1134 gi|86 8113 8286
1135 gi|86 8430 9256
1136 gi|86 10310 10951
1137 gi|86 12300 13122
1138 gi|86 16014 17549
1139 gi|86 18092 20560
1140 gi|86 21492 22256
1141 gi|86 25713 27020
1142 gi|86 28605 28989
1143 gi|86 30725 30896
1144 gi|86 31073 31413
1145 gi|86 31260 31766
1146 gi|86 31812 33074
1147 gi|87 2517 2645
1148 gi|87 5497 6079
1149 gi|87 7513 7765
1150 gi|87 9973 10031
1151 gi|87 14743 15056
1152 gi|87 18226 18331
1153 gi|87 21220 21280
1154 gi|87 22789 24907
1155 gi|87 34850 35076
1156 gi|87 36455 36529
1157 gi|87 38614 38945
1158 gi|88 423 560
1159 gi|88 4292 4622
1160 gi|88 4891 5201
1161 gi|88 5213 5446
1162 gi|88 6004 6299
1163 gi|88 6283 6978
1164 gi|88 12858 13028
1165 gi|88 14177 15158
1166 gi|88 19550 19841
1167 gi|88 25287 25921
1168 gi|88 27132 29377
1169 gi|88 29501 30358
1170 gi|88 34112 34248
1171 gi|88 34599 34768
1172 gi|89 3067 3195
1173 gi|89 3794 3879
1174 gi|89 6590 6975
1175 gi|89 7136 7987
1176 gi|89 9340 9973
1177 gi|89 11070 11255
1178 gi|89 13666 13783
1179 gi|89 17260 18609
1180 gi|89 18683 19405
1181 gi|89 23098 24106
1182 gi|89 24181 25161
1183 gi|89 26905 30371
1184 gi|89 31207 32240
1185 gi|89 33218 33848
1186 gi|89 36187 36617
1187 gi|89 36831 36936
1188 gi|89 37391 37854
1189 gi|89 38481 39778
1190 gi|9 1 3188
1191 gi|9 3189 7101
1192 gi|9 7747 7858
1193 gi|9 10470 10881
1194 gi|9 17953 18078
1195 gi|9 28994 29377
1196 gi|90 1 677
1197 gi|90 2734 4046
1198 gi|90 8130 8290
1199 gi|90 8551 9901
1200 gi|90 10528 11910
1201 gi|90 17783 18815
1202 gi|90 33326 33449
1203 gi|91 3769 6188
1204 gi|91 7129 7213
1205 gi|91 15013 15879
1206 gi|91 19454 19638
1207 gi|91 20372 21806
1208 gi|91 23854 24054
1209 gi|91 26569 27386
1210 gi|91 27978 28042
1211 gi|91 28357 29432
1212 gi|91 30026 30853
1213 gi|91 30949 32065
1214 gi|91 32307 33957
1215 gi|91 36150 36679
1216 gi|92 26 1046
1217 gi|92 1634 1857
1218 gi|92 2581 3002
1219 gi|92 4015 4957
1220 gi|92 5786 6907
1221 gi|92 7777 7878
1222 gi|92 8701 9954
1223 gi|92 10375 11082
1224 gi|92 11442 11916
1225 gi|92 13633 14270
1226 gi|92 15333 15637
1227 gi|92 19039 20174
1228 gi|92 20246 22369
1229 gi|92 22648 23252
1230 gi|92 23534 23893
1231 gi|92 24285 25177
1232 gi|92 25559 25670
1233 gi|92 26500 26625
1234 gi|92 27549 28207
1235 gi|92 28566 28778
1236 gi|92 36660 37548
1237 gi|93 8 564
1238 gi|93 907 1796
1239 gi|93 1831 2770
1240 gi|93 2926 4252
1241 gi|93 4553 5718
1242 gi|93 6741 6944
1243 gi|93 7115 8308
1244 gi|93 10223 10315
1245 gi|93 14136 14303
1246 gi|93 14417 14732
1247 gi|93 17250 17326
1248 gi|93 28469 28632
1249 gi|93 31969 32246
1250 gi|93 33573 33777
1251 gi|93 34829 35936
1252 gi|93 37358 37524
1253 gi|93 37668 38930
1254 gi|94 1976 2061
1255 gi|94 4040 4844
1256 gi|94 5343 5797
1257 gi|94 8226 9360
1258 gi|94 10837 11133
1259 gi|94 12888 13059
1260 gi|94 14355 15600
1261 gi|94 15670 15783
1262 gi|94 24217 24481
1263 gi|94 27737 28363
1264 gi|94 37523 37643
1265 gi|94 37671 37777
1266 gi|95 1299 1474
1267 gi|95 7400 8735
1268 gi|95 12295 12565
1269 gi|95 17679 18451
1270 gi|95 24453 24561
1271 gi|95 27831 27985
1272 gi|95 28330 29806
1273 gi|95 31207 32940
1274 gi|95 33004 34347
1275 gi|95 34647 34857
1276 gi|95 35390 35480
1277 gi|95 38412 39026
