#  fam    ele   dir  sequence    start     end
     1      1  1       gi|1     5710     7271 
     1     13 -1      gi|10    26433    27989 
     2      2  1       gi|1     7493     8121 
     2     12 -1      gi|10    24577    25202 
     3      3  1       gi|1    16372    16555 
     3     33 -1      gi|13    24589    24786 
     3     11 -1      gi|10    24214    24405 
     3    140 -1       gi|8    21668    21907 
     3     32 -1      gi|13    23155    23300 
     4      4  1       gi|1    35038    37320 
     4      9  1      gi|10    16749    19058 
     5      5  1       gi|1    37662    38902 
     5     10  1      gi|10    19394    20631 
     6      6  1      gi|10     1495     1581 
     6     22  1      gi|11    32281    32388 
     6    116  1       gi|4    37859    37966 
     7      7  1      gi|10     7320     7479 
     7     78 -1      gi|22    26858    27103 
     7     91  1      gi|26    12534    12804 
     7    105 -1      gi|30    39830    40052 
     7     46  1      gi|15    36129    36221 
     7    111 -1       gi|4    14690    14794 
     8      8  1      gi|10    11543    12222 
     8    115  1       gi|4    34283    34949 
     8    122 -1       gi|5    32201    32772 
     9     14  1      gi|11     5656     5942 
     9     86  1      gi|24    13869    14153 
    10     15  1      gi|11    17318    17655 
    10     98 -1      gi|26    39016    39353 
    11     16  1      gi|11    28269    28480 
    11    106  1      gi|31     6861     7154 
    11     17  1      gi|11    28625    28822 
    11     18  1      gi|11    29121    29283 
    11     19  1      gi|11    29311    29477 
    11    118  1       gi|5     3528     3610 
    12     20  1      gi|11    29471    29578 
    12    107  1      gi|31     7258     7355 
    12     21  1      gi|11    29830    29898 
    13     23  1      gi|11    36182    37611 
    13     35  1      gi|13    34495    35678 
    13     96 -1      gi|26    30561    32128 
    14     24  1      gi|12    13450    13629 
    14    135  1       gi|6    37872    38110 
    14     25 -1      gi|12    14773    14902 
    15     26  1      gi|12    15176    16393 
    15     59  1      gi|17    30548    31790 
    16     27  1      gi|12    26510    26939 
    16     88  1      gi|24    33462    33903 
    17     28  1      gi|12    28272    28932 
    17    130  1       gi|6    23355    24021 
    17    108  1      gi|31    25448    26030 
    18     29  1      gi|12    37164    37268 
    18     63 -1      gi|20    26347    26448 
    19     30  1      gi|13    13364    14232 
    19     61 -1      gi|18    32083    32963 
    20     31  1      gi|13    17165    17367 
    20     73 -1      gi|21    17071    17273 
    21     34  1      gi|13    26488    26780 
    21     93 -1      gi|26    22062    22351 
    22     36  1      gi|14     5445     5565 
    22    123  1       gi|6     4789     4912 
    23     37  1      gi|14     5849     6286 
    23    124  1       gi|6     5262     5696 
    24     38  1      gi|14    15516    16544 
    24     68 -1      gi|21     3683     4739 
    25     39  1      gi|14    16537    16758 
    25     67 -1      gi|21     3387     3603 
    26     40  1      gi|14    16737    16883 
    26     66 -1      gi|21     3173     3319 
    27     41  1      gi|14    34164    34473 
    27     84 -1      gi|24       20      323 
    28     42  1      gi|15    14181    14387 
    28     60  1      gi|18     8611     8817 
    29     43  1      gi|15    18215    19158 
    29     94  1      gi|26    23069    24009 
    30     44  1      gi|15    22337    23026 
    30     55 -1      gi|17     1946     2647 
    31     45  1      gi|15    28242    28740 
    31     51  1      gi|16    13247    13745 
    32     47  1      gi|15    37621    37790 
    32    100 -1      gi|28     7331     7503 
    33     48  1      gi|15    39224    39795 
    33    120  1       gi|5    18814    19416 
    33    127  1       gi|6    15467    15586 
    33     97 -1      gi|26    34597    34939 
    33    103 -1      gi|28    33610    33827 
    34     49  1      gi|16     5732     5881 
    34     71 -1      gi|21    15304    15926 
    34     53  1      gi|16    27778    29047 
    34     69  1      gi|21     8114     9062 
    34     70  1      gi|21     8740     9583 
    34     72 -1      gi|21    16013    16337 
    35     50  1      gi|16    12397    12503 
    35     58 -1      gi|17    26318    26428 
    36     52  1      gi|16    17294    18612 
    36     75 -1      gi|21    21211    22535 
    37     54  1      gi|16    37224    38551 
    37     83 -1      gi|23    20704    22045 
    38     56  1      gi|17     7337     8596 
    38     90  1      gi|26     7879     9096 
    39     57  1      gi|17     8762    10310 
    39    131  1       gi|6    25429    26983 
    40     62  1       gi|2     1104     1364 
    40     99  1      gi|27    36675    36937 
    41     64  1      gi|20    37677    37920 
    41    142  1       gi|8    37332    37576 
    42     65  1      gi|21      681      816 
    42     82  1      gi|23    20147    20304 
    43     74  1      gi|21    17850    18437 
    43    101 -1      gi|28    10333    10908 
    44     76  1      gi|21    26905    27049 
    44    129  1       gi|6    17758    17902 
    45     77  1      gi|22    14459    14644 
    45    139  1       gi|8     8694     8864 
    46     79  1      gi|22    32569    32750 
    46    141  1       gi|8    29604    29785 
    47     80  1      gi|22    33206    33424 
    47    137 -1       gi|7    39752    39966 
    48     81  1      gi|23    12364    12949 
    48    126  1       gi|6     9099     9682 
    49     85  1      gi|24    10572    10660 
    49    113  1       gi|4    20570    20661 
    50     87  1      gi|24    17528    17655 
    50    104  1      gi|30     6087     6215 
    51     89  1      gi|26     5964     6464 
    51    136  1       gi|7    31149    31646 
    52     92  1      gi|26    15626    15722 
    52    114 -1       gi|4    33007    33103 
    53     95  1      gi|26    24066    24133 
    53    117  1       gi|5     2636     2706 
    54    102  1      gi|28    33136    33500 
    54    109  1      gi|31    29004    29271 
    54    133  1       gi|6    30500    30875 
    55    110  1      gi|31    37133    37563 
    55    121 -1       gi|5    20724    21165 
    56    112  1       gi|4    19379    19666 
    56    128  1       gi|6    15811    15957 
    56    132  1       gi|6    28611    28857 
    57    119  1       gi|5    14299    15479 
    57    125 -1       gi|6     7816     8999 
    58    134  1       gi|6    33110    33301 
    58    138  1       gi|8     5743     5934 
