1 gi|1 5710 7271
2 gi|1 7493 8121
3 gi|1 16372 16555
4 gi|1 35038 37320
5 gi|1 37662 38902
6 gi|10 1495 1581
7 gi|10 7320 7479
8 gi|10 11543 12222
9 gi|10 16749 19058
10 gi|10 19394 20631
11 gi|10 24214 24405
12 gi|10 24577 25202
13 gi|10 26433 27989
14 gi|11 5656 5942
15 gi|11 17318 17655
16 gi|11 28269 28480
17 gi|11 28625 28822
18 gi|11 29121 29283
19 gi|11 29311 29477
20 gi|11 29471 29578
21 gi|11 29830 29898
22 gi|11 32281 32388
23 gi|11 36182 37611
24 gi|12 13450 13629
25 gi|12 14773 14902
26 gi|12 15176 16393
27 gi|12 26510 26939
28 gi|12 28272 28932
29 gi|12 37164 37268
30 gi|13 13364 14232
31 gi|13 17165 17367
32 gi|13 23155 23300
33 gi|13 24582 24787
34 gi|13 26488 26780
35 gi|13 34493 35678
36 gi|14 5445 5565
37 gi|14 5849 6286
38 gi|14 15516 16544
39 gi|14 16537 16758
40 gi|14 16737 16883
41 gi|14 34164 34473
42 gi|15 14181 14387
43 gi|15 18215 19158
44 gi|15 22337 23026
45 gi|15 28242 28740
46 gi|15 36129 36221
47 gi|15 37621 37790
48 gi|15 39224 39795
49 gi|16 5732 5881
50 gi|16 12397 12503
51 gi|16 13247 13745
52 gi|16 17294 18612
53 gi|16 27778 29047
54 gi|16 37224 38551
55 gi|17 1946 2647
56 gi|17 7337 8596
57 gi|17 8762 10310
58 gi|17 26318 26428
59 gi|17 30548 31790
60 gi|18 8611 8817
61 gi|18 32083 32963
62 gi|2 1104 1364
63 gi|20 26347 26448
64 gi|20 37677 37920
65 gi|21 681 816
66 gi|21 3173 3319
67 gi|21 3387 3603
68 gi|21 3683 4739
69 gi|21 8114 9062
70 gi|21 8740 9583
71 gi|21 15304 15926
72 gi|21 16013 16337
73 gi|21 17071 17273
74 gi|21 17850 18437
75 gi|21 21211 22535
76 gi|21 26905 27049
77 gi|22 14459 14644
78 gi|22 26856 27103
79 gi|22 32569 32750
80 gi|22 33206 33424
81 gi|23 12364 12949
82 gi|23 20147 20304
83 gi|23 20704 22045
84 gi|24 20 323
85 gi|24 10572 10660
86 gi|24 13869 14153
87 gi|24 17528 17655
88 gi|24 33462 33903
89 gi|26 5964 6464
90 gi|26 7879 9096
91 gi|26 12534 12804
92 gi|26 15626 15722
93 gi|26 22062 22351
94 gi|26 23069 24009
95 gi|26 24066 24133
96 gi|26 30561 32128
97 gi|26 34594 34939
98 gi|26 39016 39353
99 gi|27 36675 36937
100 gi|28 7331 7503
101 gi|28 10333 10908
102 gi|28 33135 33500
103 gi|28 33610 33827
104 gi|30 6087 6215
105 gi|30 39830 40052
106 gi|31 6861 7157
107 gi|31 7256 7355
108 gi|31 25448 26030
109 gi|31 28996 29271
110 gi|31 37133 37563
111 gi|4 14690 14794
112 gi|4 19379 19666
113 gi|4 20570 20661
114 gi|4 33007 33103
115 gi|4 34283 34949
116 gi|4 37859 37966
117 gi|5 2636 2706
118 gi|5 3528 3610
119 gi|5 14299 15479
120 gi|5 18814 19416
121 gi|5 20724 21165
122 gi|5 32201 32772
123 gi|6 4789 4912
124 gi|6 5262 5696
125 gi|6 7816 8999
126 gi|6 9099 9682
127 gi|6 15467 15586
128 gi|6 15811 15957
129 gi|6 17758 17902
130 gi|6 23355 24024
131 gi|6 25429 26983
132 gi|6 28611 28857
133 gi|6 30500 30875
134 gi|6 33110 33301
135 gi|6 37872 38112
136 gi|7 31149 31646
137 gi|7 39752 39966
138 gi|8 5743 5934
139 gi|8 8694 8864
140 gi|8 21668 21907
141 gi|8 29604 29785
142 gi|8 37332 37576
