60 3869 gi|1 5710 7271 
62 252 gi|1 6729 6780 
64 1097 gi|1 7493 8121 
66 345 gi|1 16372 16555 
68 357 gi|1 16408 16554 
70 308 gi|1 16424 16537 
72 290 gi|1 16452 16537 
74 4208 gi|1 35038 37320 
76 365 gi|1 36141 36512 
78 1433 gi|1 37662 38902 
104 348 gi|10 1495 1581 
106 283 gi|10 7320 7457 
108 271 gi|10 7387 7459 
110 279 gi|10 7388 7479 
53 780 gi|10 11543 12222 
39 344 gi|10 11553 12049 
75 4208 gi|10 16749 19058 
79 1433 gi|10 19394 20631 
77 365 gi|10 19511 19864 
112 363 gi|10 24214 24405 
131 335 gi|10 24216 24312 
71 308 gi|10 24237 24338 
114 295 gi|10 24237 24282 
65 1097 gi|10 24577 25202 
61 3869 gi|10 26433 27989 
80 441 gi|11 5656 5942 
82 367 gi|11 17318 17655 
84 940 gi|11 28269 28480 
86 361 gi|11 28625 28822 
88 778 gi|11 29121 29283 
29 354 gi|11 29311 29394 
90 333 gi|11 29327 29477 
92 318 gi|11 29471 29578 
94 310 gi|11 29830 29898 
57 306 gi|11 32281 32388 
105 348 gi|11 32282 32374 
96 1997 gi|11 36182 37502 
98 1155 gi|11 36539 37611 
23 552 gi|12 13450 13629 
25 651 gi|12 14773 14902 
116 1182 gi|12 15176 16393 
118 280 gi|12 26510 26939 
11 1058 gi|12 28272 28932 
120 473 gi|12 28349 28795 
122 278 gi|12 37164 37268 
158 265 gi|13 13364 14232 
160 496 gi|13 17165 17367 
127 389 gi|13 23155 23300 
73 290 gi|13 23224 23298 
115 295 gi|13 23224 23269 
129 358 gi|13 24582 24787 
67 345 gi|13 24592 24772 
113 363 gi|13 24593 24786 
162 265 gi|13 26488 26780 
164 1260 gi|13 34493 35678 
99 1155 gi|13 34497 35581 
1 309 gi|14 5445 5565 
3 494 gi|14 5849 6286 
148 2016 gi|14 15516 16544 
150 530 gi|14 16537 16758 
152 407 gi|14 16737 16883 
154 286 gi|14 34164 34473 
136 541 gi|15 14181 14387 
138 2087 gi|15 18215 19158 
140 428 gi|15 22337 23026 
142 481 gi|15 28242 28740 
144 292 gi|15 36129 36221 
146 425 gi|15 37621 37790 
33 685 gi|15 39224 39795 
7 253 gi|15 39268 39387 
166 301 gi|16 5732 5881 
168 253 gi|16 12397 12503 
143 481 gi|16 13247 13745 
170 2157 gi|16 17294 18612 
172 1586 gi|16 27778 28762 
174 886 gi|16 27778 28098 
176 1271 gi|16 28227 29025 
178 323 gi|16 28411 28593 
180 392 gi|16 28419 29047 
182 437 gi|16 28714 28951 
184 273 gi|16 28808 28941 
186 3118 gi|16 37224 38551 
141 428 gi|17 1946 2647 
156 356 gi|17 7337 8596 
15 1968 gi|17 8762 10310 
169 253 gi|17 26318 26428 
117 1182 gi|17 30548 31790 
137 541 gi|18 8611 8817 
159 265 gi|18 32083 32963 
58 304 gi|2 1104 1364 
123 278 gi|20 26347 26448 
135 518 gi|20 37677 37920 
190 315 gi|21 681 816 
153 407 gi|21 3173 3319 
151 530 gi|21 3387 3603 
149 2016 gi|21 3683 4739 
173 1586 gi|21 8114 9062 
183 437 gi|21 8614 8873 
177 1271 gi|21 8740 9583 
181 392 gi|21 15304 15905 
179 323 gi|21 15551 15727 
185 273 gi|21 15583 15713 
167 301 gi|21 15773 15926 
175 886 gi|21 16013 16337 
161 496 gi|21 17071 17273 
192 667 gi|21 17850 18437 
171 2157 gi|21 21211 22535 
9 253 gi|21 26905 27049 
125 459 gi|22 14459 14644 
194 289 gi|22 26856 27103 
107 283 gi|22 26860 27002 
196 251 gi|22 26870 26991 
133 311 gi|22 32569 32750 
103 275 gi|22 33206 33424 
5 1116 gi|23 12364 12949 
63 252 gi|23 20147 20202 
191 315 gi|23 20165 20304 
187 3118 gi|23 20704 22045 
155 286 gi|24 20 323 
49 268 gi|24 10572 10660 
81 441 gi|24 13869 14153 
188 334 gi|24 17528 17655 
119 280 gi|24 33462 33903 
101 397 gi|26 5964 6464 
157 356 gi|26 7879 9096 
195 289 gi|26 12534 12746 
200 263 gi|26 12638 12804 
111 279 gi|26 12675 12754 
51 320 gi|26 15626 15722 
163 265 gi|26 22062 22351 
139 2087 gi|26 23069 24009 
27 258 gi|26 24066 24133 
165 1260 gi|26 30561 31763 
97 1997 gi|26 30781 32128 
35 357 gi|26 34594 34939 
202 279 gi|26 34600 34814 
83 367 gi|26 39016 39353 
59 304 gi|27 36675 36937 
147 425 gi|28 7331 7503 
193 667 gi|28 10333 10908 
198 267 gi|28 33135 33400 
19 391 gi|28 33137 33500 
203 279 gi|28 33610 33827 
189 334 gi|30 6087 6215 
201 263 gi|30 39830 40036 
41 254 gi|30 39901 39997 
145 292 gi|30 39916 40016 
109 271 gi|30 39923 39991 
197 251 gi|30 39933 40052 
85 940 gi|31 6861 7065 
87 361 gi|31 6938 7149 
91 333 gi|31 6999 7157 
89 778 gi|31 6999 7156 
93 318 gi|31 7256 7355 
95 310 gi|31 7261 7329 
13 926 gi|31 25448 26030 
121 473 gi|31 25449 25889 
17 282 gi|31 28996 29238 
199 267 gi|31 29004 29271 
37 827 gi|31 37133 37563 
40 254 gi|4 14690 14794 
42 305 gi|4 19379 19647 
44 261 gi|4 19518 19614 
46 371 gi|4 19519 19666 
48 268 gi|4 20570 20661 
50 320 gi|4 33007 33103 
52 780 gi|4 34283 34949 
54 713 gi|4 34307 34859 
56 306 gi|4 37859 37966 
26 258 gi|5 2636 2706 
28 354 gi|5 3528 3610 
30 953 gi|5 14299 15479 
32 685 gi|5 18814 19382 
34 357 gi|5 19056 19416 
45 261 gi|5 19188 19282 
36 827 gi|5 20724 21165 
55 713 gi|5 32201 32759 
38 344 gi|5 32279 32772 
0 309 gi|6 4789 4912 
2 494 gi|6 5262 5696 
31 953 gi|6 7816 8999 
4 1116 gi|6 9099 9682 
6 253 gi|6 15467 15586 
47 371 gi|6 15811 15957 
8 253 gi|6 17758 17902 
10 1058 gi|6 23355 24018 
12 926 gi|6 23436 24024 
14 1968 gi|6 25429 26983 
43 305 gi|6 28611 28857 
16 282 gi|6 30500 30742 
18 391 gi|6 30512 30875 
20 494 gi|6 33110 33301 
22 552 gi|6 37872 38112 
24 651 gi|6 37924 38109 
100 397 gi|7 31149 31646 
102 275 gi|7 39752 39966 
21 494 gi|8 5743 5934 
124 459 gi|8 8694 8864 
126 389 gi|8 21668 21806 
128 358 gi|8 21699 21907 
130 335 gi|8 21712 21809 
69 357 gi|8 21719 21853 
132 311 gi|8 29604 29785 
134 518 gi|8 37332 37576 
